data/gebco_2024_n52.8999_s52.15_w-4.7859_e-4.0361.asc
ncols        180
nrows        180
xllcorner    -4.787500000000
yllcorner    52.150000000000
cellsize     0.004166666667
NODATA_value -32767
[rows 126 to 167 of 180, columns 0 to 95 of 180]
-42 -42 -41 -40 -39 -39 -38 -38 -37 -37 -37 -37 -37 -37 -36 -36 -36 -36 -35 -35 -31 -31 -31 -32 -32 -32 -33 -33 -32 -30 -32 -33 -31 -31 -31 -31 -32 -31 -32 -34 -34 -34 -33 -33 -31 -32 -30 -31 -30 -29 -28 -28 -28 -28 -28 -27 -27 -28 -29 -28 -28 -27 -27 -27 -26 -27 -27 -26 -27 -27 -26 -25 -25 -24 -24 -25 -24 -24 -24 -24 -24 -24 -23 -22 -24 -24 -24 -24 -24 -24 -23 -22 -22 -22 -21 -20
-42 -42 -42 -42 -40 -39 -38 -38 -38 -38 -37 -38 -37 -37 -36 -35 -35 -36 -37 -33 -32 -34 -33 -32 -33 -32 -32 -31 -32 -33 -33 -30 -31 -32 -32 -32 -32 -33 -33 -34 -34 -33 -33 -32 -32 -31 -31 -31 -30 -29 -29 -29 -28 -27 -27 -27 -28 -29 -29 -28 -27 -28 -28 -27 -27 -27 -27 -27 -26 -25 -25 -24 -25 -24 -25 -24 -24 -24 -24 -24 -22 -22 -23 -23 -22 -24 -24 -22 -24 -24 -23 -22 -20 -21 -20 -19
-43 -43 -42 -41 -39 -39 -38 -38 -38 -37 -37 -38 -36 -37 -37 -38 -37 -37 -35 -34 -35 -34 -32 -34 -34 -32 -32 -33 -33 -33 -30 -31 -32 -32 -32 -33 -32 -33 -34 -35 -34 -34 -33 -33 -30 -31 -31 -30 -29 -29 -29 -28 -28 -28 -29 -27 -28 -29 -29 -29 -29 -28 -27 -27 -27 -27 -26 -26 -25 -25 -26 -25 -26 -26 -25 -24 -25 -24 -24 -23 -22 -22 -23 -24 -24 -24 -23 -23 -21 -22 -22 -20 -20 -20 -21 -18
-42 -42 -41 -40 -40 -39 -38 -38 -37 -36 -36 -37 -38 -37 -36 -37 -38 -37 -36 -34 -33 -33 -34 -35 -34 -33 -34 -33 -33 -31 -31 -31 -31 -32 -32 -32 -33 -34 -35 -33 -33 -33 -34 -34 -31 -31 -31 -30 -30 -30 -29 -29 -29 -28 -28 -28 -29 -29 -29 -29 -29 -29 -28 -27 -26 -26 -26 -26 -25 -27 -26 -26 -26 -25 -25 -24 -24 -24 -24 -23 -22 -22 -23 -24 -24 -22 -22 -22 -22 -22 -22 -20 -20 -20 -20 -18
-42 -40 -40 -39 -39 -39 -39 -37 -36 -36 -37 -38 -37 -37 -37 -37 -36 -36 -34 -33 -33 -34 -36 -35 -34 -35 -35 -34 -33 -33 -31 -31 -31 -31 -32 -34 -34 -34 -33 -32 -32 -34 -34 -33 -31 -31 -31 -30 -29 -29 -29 -29 -28 -29 -29 -28 -28 -29 -29 -29 -29 -28 -27 -26 -26 -26 -26 -26 -27 -27 -27 -26 -25 -24 -25 -25 -24 -24 -23 -23 -22 -22 -22 -22 -22 -22 -22 -22 -22 -21 -21 -20 -20 -20 -20 -19
-41 -40 -39 -39 -39 -40 -38 -37 -37 -36 -38 -38 -37 -36 -36 -35 -35 -34 -33 -34 -34 -35 -35 -34 -35 -36 -35 -35 -34 -33 -32 -32 -32 -33 -34 -34 -34 -33 -33 -33 -33 -34 -34 -33 -31 -31 -31 -30 -29 -29 -29 -29 -29 -29 -29 -29 -29 -29 -28 -27 -27 -27 -26 -26 -27 -26 -27 -27 -26 -26 -26 -26 -26 -25 -24 -25 -24 -24 -24 -24 -22 -22 -22 -22 -22 -22 -22 -22 -20 -20 -20 -20 -20 -19 -19 -19
-40 -40 -40 -40 -41 -40 -40 -40 -39 -38 -38 -37 -37 -36 -35 -34 -33 -35 -35 -36 -35 -35 -34 -35 -36 -36 -35 -33 -33 -33 -33 -34 -34 -34 -34 -34 -35 -34 -34 -34 -33 -33 -32 -32 -29 -30 -31 -29 -29 -29 -30 -30 -29 -29 -29 -29 -29 -27 -27 -27 -27 -27 -26 -27 -27 -27 -27 -26 -26 -26 -25 -26 -25 -24 -24 -24 -24 -23 -24 -24 -24 -23 -22 -22 -22 -22 -22 -20 -20 -20 -20 -20 -20 -19 -20 -20
-40 -40 -40 -39 -39 -39 -39 -39 -39 -38 -37 -36 -36 -36 -35 -34 -35 -35 -36 -37 -37 -36 -35 -37 -38 -36 -35 -33 -34 -34 -33 -34 -34 -35 -34 -33 -35 -34 -34 -33 -33 -33 -32 -32 -31 -30 -31 -28 -29 -29 -30 -30 -29 -29 -29 -27 -28 -27 -27 -27 -27 -27 -27 -26 -26 -27 -26 -26 -26 -26 -26 -26 -25 -24 -24 -24 -24 -24 -24 -24 -24 -23 -24 -22 -22 -21 -21 -20 -20 -20 -20 -20 -20 -20 -19 -19
-41 -40 -40 -40 -40 -39 -39 -38 -39 -37 -36 -36 -37 -37 -35 -35 -37 -37 -37 -36 -36 -36 -36 -36 -36 -35 -36 -36 -35 -34 -35 -34 -35 -35 -34 -34 -34 -34 -34 -33 -32 -33 -33 -32 -31 -30 -31 -29 -29 -30 -30 -29 -28 -29 -29 -28 -27 -27 -27 -27 -27 -29 -29 -27 -27 -26 -26 -26 -26 -26 -26 -24 -25 -25 -25 -24 -24 -24 -24 -24 -24 -24 -23 -22 -22 -20 -20 -20 -20 -19 -19 -20 -19 -20 -20 -20
-40 -40 -39 -39 -38 -39 -39 -39 -38 -38 -38 -36 -37 -37 -36 -37 -37 -37 -36 -36 -36 -36 -38 -36 -35 -35 -36 -36 -36 -37 -36 -35 -34 -35 -35 -35 -34 -32 -33 -32 -33 -33 -33 -33 -31 -31 -30 -30 -29 -30 -29 -27 -28 -28 -29 -28 -27 -27 -27 -28 -28 -29 -27 -26 -27 -25 -24 -26 -26 -25 -26 -25 -25 -26 -25 -24 -24 -24 -24 -24 -24 -23 -22 -21 -21 -20 -19 -19 -19 -19 -19 -19 -20 -20 -20 -20
-40 -40 -40 -40 -40 -39 -39 -38 -37 -36 -37 -38 -38 -38 -37 -38 -36 -35 -36 -37 -38 -39 -37 -36 -36 -35 -36 -38 -37 -37 -36 -35 -35 -34 -34 -35 -34 -33 -33 -31 -32 -32 -33 -32 -30 -30 -29 -28 -27 -29 -28 -27 -27 -27 -28 -27 -27 -27 -26 -27 -26 -25 -25 -25 -24 -25 -26 -26 -26 -25 -25 -24 -24 -24 -24 -25 -24 -24 -22 -24 -22 -20 -20 -19 -19 -19 -18 -19 -18 -18 -18 -18 -19 -19 -19 -20
-40 -40 -40 -39 -38 -38 -39 -39 -37 -38 -38 -37 -37 -36 -37 -35 -36 -36 -36 -37 -38 -36 -36 -37 -37 -37 -37 -37 -37 -36 -35 -35 -34 -34 -33 -33 -33 -34 -34 -32 -31 -32 -32 -32 -31 -30 -29 -28 -29 -29 -28 -27 -28 -28 -29 -27 -27 -27 -26 -26 -26 -26 -24 -25 -25 -24 -24 -24 -24 -24 -23 -24 -24 -24 -24 -24 -23 -23 -22 -22 -21 -20 -20 -20 -20 -18 -19 -19 -19 -19 -19 -19 -20 -20 -20 -20
-40 -40 -40 -39 -38 -36 -37 -38 -39 -38 -36 -37 -36 -37 -37 -35 -36 -36 -36 -37 -37 -38 -37 -36 -38 -38 -37 -36 -36 -36 -34 -35 -35 -34 -34 -34 -33 -34 -33 -33 -33 -33 -32 -31 -30 -29 -29 -29 -29 -28 -28 -29 -29 -29 -28 -27 -27 -27 -27 -26 -27 -26 -26 -26 -26 -25 -24 -24 -24 -24 -24 -24 -24 -24 -22 -22 -22 -21 -21 -20 -20 -20 -19 -19 -19 -19 -19 -19 -19 -19 -19 -20 -20 -19 -20 -19
-38 -38 -39 -39 -39 -39 -38 -38 -38 -38 -38 -37 -37 -36 -35 -36 -35 -36 -36 -36 -37 -37 -37 -37 -38 -38 -37 -36 -35 -35 -35 -35 -35 -34 -34 -33 -34 -34 -34 -33 -32 -31 -32 -32 -31 -29 -26 -29 -29 -30 -29 -29 -29 -29 -28 -27 -27 -27 -26 -27 -26 -26 -26 -26 -24 -24 -24 -24 -24 -24 -24 -24 -23 -23 -22 -21 -20 -21 -20 -20 -20 -20 -20 -19 -20 -19 -19 -19 -19 -19 -19 -19 -19 -19 -19 -19
-38 -38 -38 -38 -39 -38 -39 -39 -38 -39 -39 -39 -38 -38 -38 -37 -37 -38 -38 -37 -38 -39 -38 -36 -37 -36 -36 -34 -34 -34 -35 -36 -36 -34 -34 -34 -34 -34 -33 -32 -32 -32 -32 -32 -31 -29 -28 -30 -30 -30 -29 -28 -27 -27 -28 -27 -29 -28 -28 -26 -26 -25 -25 -25 -25 -26 -25 -24 -23 -24 -22 -22 -22 -22 -22 -22 -20 -21 -21 -21 -21 -20 -21 -21 -20 -20 -20 -20 -21 -20 -20 -19 -20 -20 -20 -19
-38 -38 -38 -38 -38 -38 -38 -39 -38 -38 -39 -39 -39 -39 -38 -39 -39 -39 -38 -39 -38 -38 -39 -36 -37 -36 -34 -33 -35 -37 -36 -35 -34 -34 -34 -34 -34 -33 -33 -33 -33 -32 -31 -31 -31 -31 -28 -29 -29 -29 -29 -28 -27 -29 -28 -29 -29 -29 -28 -26 -26 -26 -26 -26 -25 -25 -25 -23 -22 -23 -23 -21 -22 -22 -22 -22 -21 -20 -22 -20 -22 -22 -21 -22 -21 -20 -20 -22 -21 -21 -20 -20 -20 -22 -22 -20
-38 -38 -38 -39 -39 -36 -37 -37 -38 -37 -37 -39 -38 -37 -39 -40 -40 -40 -39 -38 -39 -37 -39 -38 -37 -35 -34 -35 -36 -36 -36 -37 -35 -36 -34 -33 -34 -34 -33 -32 -33 -33 -32 -30 -30 -31 -28 -29 -29 -29 -29 -27 -29 -30 -29 -29 -28 -27 -27 -27 -26 -27 -26 -25 -24 -24 -23 -22 -21 -21 -21 -21 -21 -22 -22 -22 -22 -21 -20 -22 -22 -22 -22 -22 -22 -20 -20 -21 -22 -22 -21 -20 -20 -22 -22 -22
-38 -39 -39 -39 -40 -37 -37 -38 -38 -37 -38 -38 -39 -39 -35 -42 -43 -41 -41 -38 -37 -39 -37 -37 -36 -36 -36 -35 -34 -35 -35 -34 -33 -34 -35 -35 -33 -33 -33 -32 -33 -33 -33 -32 -30 -29 -29 -29 -29 -29 -29 -30 -29 -29 -29 -27 -27 -27 -27 -27 -26 -26 -24 -23 -23 -23 -22 -22 -21 -20 -20 -20 -22 -22 -22 -22 -22 -22 -22 -23 -23 -22 -22 -22 -22 -22 -20 -22 -22 -22 -22 -22 -20 -21 -20 -20
-39 -38 -38 -39 -40 -40 -37 -39 -38 -38 -37 -39 -38 -38 -38 -35 -36 -37 -38 -38 -38 -39 -38 -37 -37 -38 -36 -36 -36 -35 -35 -34 -35 -35 -34 -34 -34 -33 -32 -31 -32 -32 -32 -31 -30 -29 -29 -29 -30 -29 -30 -29 -29 -29 -28 -28 -27 -27 -26 -26 -25 -24 -23 -22 -22 -22 -22 -22 -22 -22 -22 -22 -22 -22 -22 -23 -24 -24 -24 -23 -23 -23 -23 -22 -22 -22 -23 -22 -22 -22 -22 -22 -20 -19 -18 -19
-40 -38 -39 -39 -39 -40 -40 -39 -39 -38 -38 -38 -37 -39 -39 -38 -38 -37 -37 -39 -37 -35 -37 -37 -37 -35 -36 -36 -35 -35 -34 -35 -34 -34 -34 -35 -34 -33 -32 -32 -32 -32 -32 -31 -30 -29 -30 -30 -29 -30 -30 -28 -28 -27 -27 -27 -26 -26 -25 -24 -24 -24 -24 -22 -22 -22 -22 -22 -22 -22 -23 -22 -22 -22 -24 -24 -24 -24 -24 -24 -22 -23 -23 -22 -23 -23 -23 -22 -21 -20 -20 -22 -19 -18 -18 -17
-39 -39 -39 -39 -40 -40 -39 -38 -38 -38 -38 -39 -37 -39 -39 -38 -38 -37 -38 -40 -38 -37 -37 -38 -38 -36 -35 -35 -35 -34 -35 -34 -35 -35 -35 -34 -33 -33 -32 -32 -32 -32 -32 -32 -31 -30 -29 -29 -29 -29 -29 -27 -26 -26 -26 -25 -24 -24 -24 -23 -24 -23 -23 -22 -22 -22 -23 -23 -23 -23 -24 -22 -23 -23 -24 -24 -24 -24 -24 -24 -24 -22 -23 -23 -23 -22 -22 -21 -20 -19 -19 -19 -18 -18 -17 -17
-39 -40 -39 -40 -40 -42 -40 -38 -36 -37 -37 -39 -39 -39 -39 -39 -38 -37 -37 -37 -36 -36 -37 -35 -37 -36 -35 -35 -35 -34 -34 -33 -33 -32 -32 -33 -32 -32 -32 -31 -32 -32 -31 -31 -30 -31 -29 -28 -29 -28 -27 -26 -26 -24 -24 -23 -22 -24 -22 -22 -23 -22 -22 -23 -23 -23 -24 -24 -24 -24 -24 -24 -24 -22 -23 -24 -24 -24 -24 -24 -24 -24 -23 -23 -22 -22 -22 -20 -21 -20 -19 -19 -18 -18 -18 -18
-41 -42 -42 -43 -42 -38 -39 -38 -38 -38 -39 -39 -39 -39 -39 -38 -38 -37 -38 -37 -36 -35 -36 -35 -36 -36 -36 -35 -35 -34 -33 -33 -33 -32 -32 -33 -32 -32 -33 -32 -32 -31 -31 -31 -30 -29 -29 -28 -27 -26 -25 -26 -26 -25 -23 -23 -24 -24 -25 -24 -24 -24 -25 -26 -25 -25 -25 -25 -25 -25 -25 -24 -24 -24 -24 -24 -24 -24 -23 -23 -24 -23 -22 -22 -22 -22 -22 -21 -21 -20 -20 -19 -19 -19 -20 -19
-40 -40 -42 -43 -41 -39 -38 -40 -39 -39 -40 -38 -38 -38 -38 -38 -38 -38 -37 -38 -37 -36 -35 -36 -36 -36 -35 -35 -34 -34 -33 -33 -33 -32 -32 -33 -33 -32 -32 -32 -32 -31 -31 -30 -29 -29 -27 -26 -26 -26 -24 -25 -24 -24 -24 -24 -25 -26 -25 -25 -26 -25 -26 -26 -26 -26 -25 -25 -25 -24 -24 -24 -24 -24 -23 -23 -23 -22 -22 -22 -22 -22 -22 -22 -21 -21 -22 -21 -20 -20 -20 -20 -20 -19 -19 -18
-40 -39 -40 -41 -42 -41 -40 -38 -40 -40 -40 -39 -38 -37 -39 -38 -37 -37 -37 -37 -37 -37 -36 -36 -35 -35 -35 -35 -34 -34 -33 -33 -33 -33 -32 -32 -32 -32 -31 -31 -31 -30 -30 -29 -28 -27 -27 -25 -24 -24 -23 -24 -24 -25 -24 -25 -24 -25 -25 -26 -26 -26 -26 -26 -27 -26 -26 -25 -24 -25 -24 -24 -24 -24 -22 -22 -22 -22 -22 -22 -21 -22 -22 -22 -21 -20 -22 -20 -20 -20 -19 -18 -18 -18 -18 -18
-39 -38 -39 -40 -42 -44 -41 -40 -41 -40 -40 -39 -39 -38 -39 -39 -37 -36 -36 -37 -37 -35 -35 -34 -34 -35 -34 -33 -33 -33 -33 -33 -33 -32 -31 -33 -32 -32 -31 -29 -29 -29 -29 -27 -27 -26 -26 -26 -25 -26 -25 -26 -26 -26 -26 -26 -25 -25 -25 -26 -26 -26 -26 -26 -26 -27 -26 -26 -24 -25 -24 -23 -24 -23 -22 -22 -22 -22 -22 -22 -22 -22 -22 -22 -22 -21 -22 -20 -20 -20 -20 -19 -20 -19 -19 -19
-41 -42 -41 -40 -41 -39 -42 -40 -40 -40 -41 -40 -39 -39 -38 -37 -37 -35 -35 -35 -33 -33 -33 -33 -34 -34 -33 -33 -33 -33 -33 -34 -33 -33 -32 -31 -31 -30 -29 -29 -28 -27 -27 -27 -26 -26 -26 -26 -26 -26 -26 -26 -26 -26 -26 -26 -26 -27 -26 -27 -26 -26 -27 -26 -26 -26 -26 -26 -24 -24 -24 -22 -22 -23 -23 -22 -22 -22 -22 -22 -22 -22 -22 -23 -22 -22 -22 -20 -20 -20 -20 -22 -20 -22 -20 -21
-40 -40 -41 -40 -40 -40 -40 -41 -41 -40 -39 -39 -39 -39 -38 -38 -36 -34 -34 -33 -33 -33 -33 -33 -33 -33 -32 -34 -33 -33 -33 -32 -33 -31 -32 -32 -31 -29 -29 -28 -27 -27 -27 -26 -26 -26 -26 -26 -26 -27 -26 -26 -27 -27 -27 -27 -26 -26 -26 -26 -27 -27 -27 -25 -25 -25 -25 -25 -24 -24 -22 -22 -23 -23 -23 -22 -22 -22 -22 -22 -22 -22 -21 -21 -20 -21 -21 -20 -20 -20 -20 -21 -22 -20 -23 -23
-40 -41 -40 -40 -39 -38 -39 -41 -41 -41 -40 -39 -38 -39 -37 -37 -34 -33 -32 -33 -33 -33 -33 -34 -32 -33 -32 -32 -33 -33 -32 -31 -31 -32 -31 -31 -29 -28 -28 -27 -27 -27 -26 -26 -26 -27 -27 -27 -27 -27 -27 -27 -27 -27 -26 -27 -27 -27 -27 -27 -26 -27 -26 -25 -24 -24 -24 -24 -22 -22 -22 -22 -23 -23 -22 -22 -20 -21 -21 -20 -20 -22 -21 -19 -20 -20 -20 -20 -20 -20 -22 -21 -22 -23 -24 -24
-41 -41 -40 -39 -39 -40 -38 -37 -40 -41 -39 -38 -38 -37 -37 -36 -34 -33 -33 -34 -33 -34 -34 -34 -33 -32 -32 -31 -32 -31 -30 -31 -31 -30 -30 -29 -29 -29 -27 -27 -26 -26 -26 -26 -27 -27 -27 -27 -27 -27 -27 -27 -27 -27 -27 -26 -26 -27 -26 -25 -25 -24 -25 -24 -23 -24 -23 -23 -22 -22 -23 -23 -22 -22 -22 -22 -20 -20 -20 -21 -21 -20 -20 -19 -19 -19 -19 -20 -20 -20 -21 -23 -22 -23 -24 -24
-41 -40 -40 -40 -39 -40 -40 -38 -37 -41 -40 -38 -38 -37 -36 -36 -35 -35 -35 -35 -34 -33 -34 -34 -32 -31 -31 -31 -31 -30 -29 -29 -29 -29 -28 -27 -27 -27 -27 -26 -26 -26 -27 -27 -27 -27 -27 -27 -26 -26 -27 -27 -27 -27 -26 -25 -26 -26 -26 -26 -26 -25 -23 -24 -22 -22 -22 -22 -22 -22 -22 -22 -22 -21 -20 -21 -22 -23 -23 -20 -20 -20 -20 -19 -19 -20 -19 -22 -23 -22 -21 -20 -21 -23 -24 -25
-41 -41 -41 -41 -40 -38 -39 -37 -36 -36 -38 -41 -39 -38 -36 -36 -35 -35 -35 -35 -35 -34 -33 -34 -32 -31 -31 -29 -30 -28 -29 -29 -29 -29 -29 -27 -27 -27 -27 -27 -27 -28 -28 -27 -27 -27 -27 -27 -28 -28 -27 -27 -27 -27 -27 -26 -26 -26 -26 -26 -24 -25 -23 -24 -23 -22 -22 -22 -22 -22 -22 -21 -20 -20 -21 -21 -22 -22 -22 -20 -19 -19 -20 -19 -19 -21 -21 -21 -21 -22 -23 -23 -24 -26 -26 -27
-41 -42 -41 -40 -40 -39 -39 -38 -38 -37 -38 -37 -39 -40 -38 -37 -37 -35 -35 -35 -35 -35 -33 -33 -33 -32 -31 -30 -29 -29 -30 -29 -29 -28 -28 -28 -27 -28 -27 -29 -28 -28 -29 -27 -27 -29 -27 -27 -28 -27 -27 -27 -27 -27 -27 -26 -26 -26 -26 -26 -25 -24 -24 -22 -23 -23 -22 -22 -22 -22 -21 -20 -20 -20 -20 -20 -20 -20 -21 -20 -19 -19 -19 -19 -19 -20 -21 -21 -22 -22 -23 -25 -25 -26 -26 -26
-42 -41 -40 -40 -40 -38 -38 -38 -37 -38 -38 -39 -38 -39 -38 -37 -37 -35 -34 -34 -34 -33 -33 -33 -32 -31 -30 -30 -29 -29 -29 -29 -29 -28 -28 -28 -27 -27 -29 -28 -29 -29 -29 -30 -29 -29 -29 -28 -28 -27 -27 -27 -26 -26 -27 -26 -26 -26 -25 -24 -24 -24 -24 -24 -22 -22 -22 -22 -22 -22 -21 -21 -20 -20 -20 -19 -18 -18 -18 -19 -18 -18 -18 -19 -19 -19 -20 -22 -22 -22 -25 -26 -27 -28 -27 -27
-41 -40 -40 -40 -39 -39 -39 -39 -38 -37 -37 -38 -38 -38 -39 -37 -36 -34 -34 -33 -35 -33 -33 -32 -31 -30 -30 -30 -29 -30 -28 -29 -28 -27 -27 -26 -27 -28 -28 -29 -29 -29 -29 -28 -29 -28 -29 -28 -27 -27 -27 -27 -27 -26 -26 -26 -26 -26 -25 -24 -24 -24 -24 -24 -24 -23 -22 -23 -22 -21 -21 -21 -20 -20 -20 -20 -20 -22 -20 -20 -20 -21 -21 -22 -22 -23 -24 -25 -26 -25 -26 -27 -27 -26 -26 -24
-40 -39 -39 -39 -40 -40 -39 -38 -40 -39 -38 -38 -39 -38 -36 -36 -36 -35 -33 -34 -34 -33 -33 -31 -33 -32 -32 -32 -31 -30 -29 -27 -27 -27 -27 -27 -27 -29 -29 -29 -29 -29 -30 -28 -27 -29 -28 -28 -26 -26 -27 -26 -26 -26 -26 -25 -26 -26 -25 -25 -24 -25 -24 -24 -24 -23 -21 -21 -22 -20 -20 -19 -19 -20 -20 -20 -20 -20 -20 -21 -22 -22 -22 -22 -22 -22 -24 -25 -25 -25 -26 -25 -25 -24 -23 -22
-39 -39 -39 -40 -40 -40 -39 -38 -39 -39 -38 -38 -37 -37 -36 -36 -36 -35 -34 -34 -34 -33 -32 -33 -33 -33 -32 -31 -30 -28 -28 -27 -27 -27 -28 -28 -29 -29 -31 -30 -30 -29 -29 -29 -28 -28 -27 -27 -27 -26 -26 -26 -26 -26 -24 -24 -25 -25 -24 -25 -25 -25 -23 -24 -23 -22 -22 -20 -21 -21 -19 -19 -19 -20 -20 -21 -22 -22 -23 -22 -22 -20 -20 -21 -21 -21 -22 -24 -24 -24 -24 -23 -22 -23 -21 -20
-39 -39 -39 -40 -40 -40 -39 -39 -39 -38 -37 -35 -35 -36 -36 -36 -34 -34 -35 -35 -33 -33 -33 -34 -35 -32 -31 -30 -29 -29 -28 -27 -29 -29 -30 -30 -28 -30 -30 -30 -30 -28 -29 -28 -29 -27 -27 -27 -27 -27 -27 -26 -25 -24 -24 -24 -23 -24 -24 -24 -24 -22 -21 -23 -22 -21 -20 -20 -19 -19 -19 -18 -20 -20 -21 -23 -24 -24 -24 -22 -20 -20 -21 -21 -21 -22 -23 -24 -24 -23 -22 -21 -20 -19 -19 -19
-39 -39 -38 -38 -38 -39 -39 -38 -38 -37 -36 -35 -32 -34 -35 -34 -34 -36 -36 -35 -34 -34 -32 -32 -31 -30 -30 -29 -28 -27 -28 -30 -31 -31 -31 -31 -28 -27 -29 -30 -29 -28 -29 -28 -29 -28 -28 -27 -28 -27 -27 -27 -25 -25 -26 -25 -23 -24 -24 -24 -24 -22 -22 -22 -22 -21 -21 -20 -19 -18 -19 -21 -21 -23 -25 -26 -25 -24 -22 -20 -19 -20 -20 -20 -20 -22 -23 -22 -21 -21 -20 -18 -18 -18 -18 -17
-39 -38 -38 -38 -38 -37 -39 -40 -39 -37 -34 -32 -34 -34 -34 -34 -34 -37 -37 -35 -35 -34 -33 -31 -30 -28 -28 -27 -27 -27 -29 -30 -31 -31 -30 -29 -28 -27 -29 -30 -31 -30 -31 -30 -29 -29 -29 -28 -28 -28 -26 -27 -26 -26 -26 -24 -24 -23 -23 -23 -23 -23 -21 -20 -20 -20 -21 -21 -20 -20 -21 -22 -22 -26 -26 -25 -24 -22 -21 -20 -20 -20 -21 -22 -22 -22 -21 -20 -20 -19 -18 -17 -17 -16 -16 -12
-38 -37 -38 -39 -39 -37 -36 -36 -37 -36 -34 -35 -34 -33 -35 -34 -36 -37 -37 -36 -35 -36 -34 -31 -29 -27 -26 -26 -26 -28 -27 -28 -30 -30 -29 -29 -28 -29 -29 -31 -32 -32 -32 -30 -30 -31 -34 -32 -32 -33 -32 -29 -27 -26 -25 -27 -25 -25 -24 -22 -22 -23 -23 -21 -20 -22 -22 -22 -23 -22 -24 -25 -25 -27 -25 -23 -23 -22 -22 -20 -21 -20 -20 -22 -20 -20 -20 -18 -18 -17 -16 -15 -15 -14 -12 -8
-37 -38 -38 -38 -39 -37 -37 -35 -33 -34 -34 -34 -34 -35 -35 -37 -38 -38 -37 -37 -35 -35 -35 -32 -29 -27 -25 -25 -27 -28 -28 -28 -28 -31 -31 -29 -29 -29 -29 -30 -30 -30 -29 -30 -28 -31 -31 -33 -34 -34 -33 -33 -33 -33 -29 -28 -27 -26 -25 -23 -22 -22 -23 -22 -23 -22 -23 -24 -24 -24 -25 -26 -25 -25 -25 -24 -24 -24 -22 -22 -22 -20 -20 -20 -19 -18 -18 -17 -16 -15 -15 -13 -12 -10 -7 90
