data/gebco_2024_n52.8999_s52.15_w-4.7859_e-4.0361.asc
ncols        180
nrows        180
xllcorner    -4.787500000000
yllcorner    52.150000000000
cellsize     0.004166666667
NODATA_value -32767
[rows 84 to 125 of 180, columns 0 to 95 of 180]
-43 -43 -43 -42 -42 -43 -42 -41 -39 -37 -38 -39 -39 -40 -42 -41 -42 -42 -41 -40 -40 -38 -36 -39 -39 -39 -38 -35 -34 -35 -35 -34 -33 -32 -32 -32 -31 -31 -31 -29 -30 -30 -30 -29 -29 -28 -26 -26 -27 -27 -27 -26 -26 -25 -25 -24 -24 -24 -24 -25 -25 -26 -24 -23 -23 -23 -23 -23 -23 -22 -24 -23 -23 -22 -22 -22 -22 -22 -23 -23 -22 -21 -21 -21 -21 -20 -20 -19 -20 -20 -19 -19 -19 -18 -20 -20
-42 -43 -43 -44 -43 -42 -40 -40 -40 -40 -39 -40 -41 -40 -40 -42 -43 -42 -41 -37 -34 -40 -40 -39 -39 -38 -38 -37 -37 -36 -34 -34 -34 -33 -33 -32 -31 -29 -30 -30 -30 -30 -29 -28 -29 -29 -27 -27 -27 -26 -26 -26 -26 -26 -24 -24 -24 -24 -25 -25 -25 -26 -25 -23 -23 -23 -23 -24 -24 -24 -23 -22 -23 -22 -22 -23 -23 -23 -23 -23 -22 -21 -21 -21 -21 -21 -21 -21 -20 -20 -19 -18 -19 -20 -20 -20
-45 -44 -43 -43 -43 -41 -39 -38 -38 -40 -40 -39 -40 -41 -40 -41 -41 -40 -37 -38 -41 -40 -37 -38 -38 -39 -39 -39 -37 -36 -36 -36 -34 -33 -32 -31 -31 -32 -31 -30 -29 -28 -30 -31 -29 -28 -27 -26 -25 -26 -26 -26 -26 -26 -24 -24 -24 -24 -24 -25 -25 -24 -24 -23 -23 -23 -24 -24 -23 -24 -24 -24 -22 -22 -22 -23 -23 -23 -23 -22 -22 -22 -21 -21 -21 -20 -20 -20 -20 -20 -19 -19 -20 -19 -20 -20
-45 -45 -45 -44 -43 -43 -41 -40 -39 -40 -40 -39 -39 -39 -40 -37 -39 -39 -39 -40 -37 -37 -39 -38 -39 -40 -41 -40 -38 -37 -37 -36 -34 -28 -29 -31 -32 -26 -27 -30 -30 -30 -30 -29 -27 -28 -27 -26 -26 -26 -26 -26 -26 -25 -25 -24 -24 -25 -25 -24 -24 -24 -23 -23 -23 -24 -24 -24 -24 -24 -23 -23 -23 -22 -22 -23 -24 -23 -22 -22 -21 -22 -22 -22 -21 -21 -21 -21 -20 -19 -19 -20 -21 -20 -20 -19
-47 -47 -46 -46 -44 -43 -41 -40 -40 -39 -39 -40 -41 -41 -41 -41 -38 -36 -35 -37 -38 -38 -40 -40 -40 -40 -41 -40 -39 -39 -37 -33 -32 -34 -32 -27 -26 -31 -31 -30 -30 -30 -30 -29 -29 -28 -28 -27 -26 -26 -26 -26 -26 -25 -25 -25 -26 -25 -25 -25 -24 -23 -23 -23 -24 -24 -24 -24 -24 -24 -23 -24 -23 -23 -24 -24 -23 -23 -22 -22 -21 -22 -21 -21 -21 -20 -20 -20 -19 -19 -20 -20 -20 -20 -20 -20
-47 -46 -47 -47 -46 -46 -45 -42 -39 -39 -38 -38 -40 -42 -41 -41 -41 -37 -33 -31 -34 -38 -39 -40 -41 -41 -40 -41 -38 -36 -36 -34 -34 -32 -27 -27 -31 -31 -31 -31 -31 -31 -29 -29 -29 -29 -29 -28 -26 -26 -26 -26 -25 -25 -25 -26 -26 -25 -24 -23 -23 -23 -24 -23 -24 -24 -24 -24 -23 -24 -23 -25 -24 -24 -24 -24 -23 -23 -23 -22 -22 -22 -21 -22 -20 -21 -20 -19 -19 -20 -20 -19 -20 -20 -20 -21
-48 -48 -47 -46 -47 -48 -46 -42 -40 -40 -40 -40 -41 -41 -42 -40 -38 -38 -38 -38 -36 -37 -38 -40 -41 -41 -41 -40 -39 -38 -38 -36 -31 -27 -27 -30 -31 -29 -31 -31 -30 -29 -30 -30 -29 -29 -28 -27 -27 -26 -26 -25 -25 -24 -25 -26 -26 -25 -23 -23 -23 -24 -24 -23 -23 -23 -23 -23 -23 -23 -24 -23 -24 -24 -24 -24 -25 -24 -23 -23 -21 -21 -22 -21 -22 -21 -20 -20 -21 -20 -19 -20 -19 -20 -19 -20
-48 -48 -48 -48 -48 -47 -45 -42 -40 -39 -40 -42 -42 -42 -41 -39 -38 -38 -38 -37 -38 -40 -41 -42 -42 -41 -41 -41 -37 -35 -35 -32 -30 -30 -31 -31 -31 -31 -31 -31 -31 -31 -30 -30 -29 -29 -28 -27 -27 -26 -26 -26 -25 -25 -25 -25 -25 -25 -24 -24 -24 -24 -24 -24 -24 -24 -24 -25 -23 -23 -23 -23 -23 -23 -23 -23 -24 -23 -23 -22 -22 -21 -21 -21 -21 -20 -20 -20 -21 -20 -20 -21 -20 -20 -20 -21
-47 -48 -49 -49 -48 -47 -45 -42 -40 -40 -41 -42 -43 -42 -41 -39 -37 -38 -39 -39 -41 -40 -41 -42 -43 -42 -41 -36 -33 -35 -35 -34 -33 -32 -31 -31 -31 -32 -32 -31 -31 -30 -31 -30 -29 -29 -28 -28 -27 -27 -26 -26 -26 -26 -26 -25 -25 -25 -24 -24 -24 -25 -24 -25 -25 -24 -24 -25 -24 -23 -23 -23 -24 -24 -24 -23 -24 -23 -22 -21 -22 -22 -21 -21 -21 -20 -20 -20 -20 -20 -21 -21 -21 -20 -21 -20
-48 -49 -50 -50 -50 -48 -44 -42 -41 -41 -41 -42 -43 -43 -42 -40 -38 -37 -37 -39 -41 -40 -42 -44 -43 -40 -36 -37 -37 -37 -37 -35 -34 -33 -32 -31 -32 -31 -32 -30 -31 -31 -30 -31 -30 -29 -28 -28 -26 -27 -27 -27 -27 -27 -25 -24 -25 -24 -24 -25 -24 -25 -25 -26 -26 -25 -24 -24 -24 -24 -23 -23 -24 -25 -25 -24 -24 -23 -23 -22 -22 -21 -21 -21 -21 -21 -21 -21 -20 -20 -21 -20 -20 -20 -19 -19
-51 -50 -48 -49 -49 -47 -45 -43 -42 -41 -41 -42 -43 -42 -42 -41 -38 -37 -37 -39 -40 -40 -39 -36 -33 -37 -38 -38 -37 -37 -36 -35 -34 -33 -32 -31 -31 -31 -32 -32 -30 -31 -32 -31 -30 -29 -28 -28 -28 -28 -27 -27 -26 -25 -25 -25 -25 -25 -24 -25 -24 -24 -25 -26 -26 -24 -24 -24 -25 -23 -23 -24 -24 -25 -25 -24 -23 -23 -22 -23 -22 -22 -22 -21 -21 -21 -21 -21 -21 -20 -20 -20 -20 -20 -20 -20
-51 -51 -50 -48 -47 -46 -46 -43 -41 -41 -41 -42 -42 -43 -43 -42 -39 -38 -36 -36 -36 -34 -35 -38 -37 -39 -38 -37 -38 -38 -36 -35 -33 -33 -33 -32 -32 -32 -29 -30 -32 -32 -31 -30 -30 -29 -28 -28 -28 -28 -27 -24 -24 -25 -25 -25 -25 -25 -25 -25 -25 -25 -25 -24 -24 -24 -23 -24 -24 -23 -23 -24 -24 -24 -24 -23 -23 -23 -23 -23 -22 -22 -22 -21 -21 -22 -22 -21 -21 -21 -21 -20 -20 -21 -20 -20
-50 -50 -49 -48 -47 -47 -45 -42 -41 -41 -41 -42 -43 -44 -44 -43 -41 -39 -38 -37 -34 -34 -33 -34 -35 -36 -37 -38 -36 -33 -34 -34 -34 -34 -34 -32 -29 -31 -32 -32 -32 -32 -31 -30 -30 -29 -29 -29 -27 -27 -26 -26 -26 -25 -26 -25 -24 -25 -25 -25 -24 -25 -25 -25 -24 -24 -24 -24 -25 -24 -23 -23 -23 -24 -24 -23 -21 -22 -23 -23 -21 -22 -22 -21 -21 -21 -22 -21 -21 -22 -21 -22 -21 -18 -20 -21
-50 -51 -48 -47 -48 -47 -44 -42 -41 -41 -41 -43 -44 -44 -44 -43 -40 -38 -36 -35 -35 -35 -36 -37 -38 -39 -36 -34 -35 -36 -36 -35 -35 -33 -33 -32 -33 -32 -31 -33 -32 -32 -31 -30 -28 -28 -27 -28 -27 -27 -26 -25 -25 -25 -25 -26 -25 -25 -25 -25 -26 -25 -25 -24 -24 -24 -24 -25 -24 -23 -23 -23 -23 -24 -24 -22 -21 -23 -23 -22 -21 -21 -21 -21 -21 -21 -21 -20 -21 -22 -21 -22 -21 -20 -21 -22
-51 -49 -46 -47 -47 -46 -44 -42 -41 -41 -42 -44 -44 -44 -42 -42 -40 -37 -36 -35 -35 -35 -35 -37 -38 -36 -35 -36 -37 -37 -36 -34 -32 -33 -33 -33 -33 -32 -32 -32 -32 -32 -31 -29 -27 -28 -28 -27 -28 -27 -25 -24 -24 -26 -26 -26 -26 -25 -25 -26 -25 -24 -24 -24 -24 -24 -24 -23 -23 -24 -24 -24 -24 -24 -24 -22 -22 -23 -23 -23 -21 -21 -21 -21 -21 -22 -21 -21 -22 -22 -21 -21 -21 -22 -22 -21
-50 -48 -48 -47 -46 -45 -43 -42 -41 -42 -44 -45 -44 -42 -41 -40 -39 -37 -36 -35 -35 -35 -35 -35 -35 -36 -36 -37 -37 -36 -34 -35 -35 -34 -34 -33 -33 -33 -33 -33 -33 -32 -29 -26 -28 -28 -27 -27 -26 -25 -25 -25 -25 -26 -26 -25 -25 -26 -25 -26 -25 -25 -25 -25 -25 -25 -25 -24 -24 -24 -24 -24 -23 -23 -23 -22 -22 -23 -23 -22 -22 -21 -21 -21 -22 -21 -21 -21 -22 -21 -21 -20 -21 -22 -22 -21
-47 -47 -49 -47 -46 -45 -44 -44 -42 -44 -45 -44 -43 -42 -41 -40 -39 -37 -36 -35 -35 -35 -34 -34 -34 -34 -36 -37 -35 -36 -37 -35 -35 -34 -34 -33 -33 -32 -32 -32 -31 -29 -29 -30 -29 -28 -27 -27 -25 -25 -25 -25 -25 -25 -25 -25 -25 -26 -26 -25 -25 -25 -25 -24 -25 -25 -25 -24 -24 -24 -24 -24 -23 -23 -23 -23 -23 -23 -22 -21 -22 -21 -21 -21 -21 -21 -21 -22 -21 -21 -21 -22 -22 -22 -21 -21
-46 -47 -46 -45 -47 -48 -44 -44 -43 -42 -43 -43 -43 -42 -41 -40 -40 -37 -36 -36 -36 -35 -35 -35 -35 -36 -36 -36 -37 -37 -36 -35 -35 -34 -34 -34 -33 -32 -30 -29 -29 -32 -31 -30 -30 -28 -28 -27 -26 -25 -25 -24 -24 -25 -25 -25 -25 -25 -26 -26 -25 -25 -25 -24 -25 -25 -24 -24 -24 -24 -24 -23 -23 -23 -23 -23 -23 -23 -22 -21 -21 -22 -22 -22 -21 -21 -22 -22 -21 -20 -21 -22 -22 -21 -21 -21
-47 -45 -46 -46 -45 -46 -46 -45 -43 -42 -42 -42 -42 -41 -41 -41 -40 -38 -36 -36 -36 -35 -35 -35 -36 -36 -36 -38 -37 -37 -35 -35 -35 -34 -34 -34 -31 -31 -29 -31 -32 -31 -30 -29 -28 -28 -28 -28 -27 -26 -25 -24 -25 -25 -26 -26 -25 -25 -25 -26 -26 -25 -24 -24 -24 -24 -24 -24 -24 -24 -24 -24 -23 -22 -23 -22 -22 -22 -21 -22 -22 -23 -22 -21 -21 -22 -22 -22 -21 -21 -23 -22 -21 -21 -22 -21
-49 -49 -48 -47 -46 -45 -46 -44 -43 -42 -42 -42 -41 -41 -42 -41 -40 -38 -37 -35 -35 -36 -35 -35 -36 -36 -37 -37 -37 -35 -36 -36 -36 -34 -34 -33 -32 -31 -32 -31 -30 -29 -30 -30 -28 -29 -28 -28 -26 -26 -25 -26 -26 -26 -26 -26 -26 -25 -25 -26 -26 -25 -25 -24 -24 -23 -23 -24 -24 -24 -24 -23 -23 -24 -24 -23 -22 -21 -21 -22 -23 -23 -22 -21 -22 -22 -22 -21 -22 -22 -22 -22 -22 -22 -22 -20
-49 -51 -50 -48 -47 -47 -47 -44 -43 -43 -43 -41 -41 -41 -41 -41 -40 -38 -36 -36 -36 -36 -36 -36 -36 -36 -36 -36 -34 -36 -36 -36 -36 -34 -33 -32 -32 -30 -28 -28 -28 -31 -31 -29 -28 -29 -27 -26 -26 -27 -26 -25 -26 -27 -26 -27 -27 -26 -26 -26 -26 -25 -25 -25 -24 -24 -24 -24 -24 -23 -24 -24 -23 -23 -23 -22 -22 -23 -23 -23 -23 -22 -22 -22 -22 -23 -23 -23 -22 -21 -21 -22 -23 -21 -21 -22
-47 -47 -47 -48 -48 -47 -46 -44 -43 -44 -43 -42 -41 -41 -41 -41 -40 -38 -36 -36 -37 -37 -37 -36 -36 -36 -33 -32 -35 -36 -36 -37 -37 -35 -34 -30 -28 -29 -30 -31 -31 -31 -30 -28 -27 -27 -27 -27 -27 -26 -25 -26 -27 -27 -27 -27 -26 -26 -26 -26 -26 -26 -25 -25 -24 -24 -24 -24 -24 -23 -24 -23 -23 -23 -22 -22 -22 -23 -23 -23 -23 -23 -23 -23 -23 -22 -22 -21 -21 -21 -22 -21 -21 -22 -22 -21
-48 -47 -47 -46 -46 -46 -46 -44 -44 -45 -44 -42 -41 -41 -42 -41 -40 -37 -36 -36 -37 -38 -38 -35 -32 -32 -34 -36 -36 -36 -37 -36 -35 -32 -30 -31 -31 -30 -31 -31 -31 -31 -30 -29 -28 -29 -27 -27 -26 -26 -26 -27 -27 -27 -27 -27 -27 -26 -26 -26 -26 -26 -25 -25 -25 -25 -24 -24 -24 -24 -23 -23 -23 -22 -21 -22 -22 -23 -23 -23 -23 -23 -24 -23 -22 -21 -21 -21 -21 -20 -21 -21 -22 -23 -22 -21
-48 -47 -48 -47 -45 -45 -45 -44 -43 -43 -43 -41 -41 -42 -42 -41 -40 -37 -37 -36 -37 -37 -35 -33 -34 -35 -35 -36 -36 -37 -36 -33 -32 -32 -32 -31 -31 -30 -31 -31 -31 -30 -30 -29 -29 -28 -27 -27 -26 -26 -26 -27 -27 -28 -29 -27 -27 -27 -26 -26 -26 -26 -26 -26 -26 -25 -24 -24 -25 -24 -24 -23 -22 -22 -21 -22 -23 -23 -23 -23 -23 -24 -23 -23 -22 -21 -21 -21 -21 -21 -21 -22 -22 -22 -21 -21
-48 -48 -47 -46 -46 -46 -44 -43 -43 -43 -42 -41 -41 -42 -42 -41 -39 -37 -36 -35 -34 -36 -36 -36 -36 -36 -35 -35 -35 -34 -34 -34 -34 -32 -31 -31 -30 -30 -31 -31 -29 -29 -29 -29 -28 -27 -27 -25 -26 -26 -26 -28 -29 -29 -29 -28 -28 -27 -26 -26 -26 -26 -26 -26 -25 -24 -24 -25 -25 -24 -24 -23 -23 -22 -22 -23 -23 -24 -23 -24 -24 -24 -23 -22 -22 -21 -21 -22 -22 -22 -22 -22 -22 -20 -21 -22
-47 -48 -48 -47 -45 -44 -44 -43 -43 -42 -42 -41 -42 -42 -41 -40 -39 -37 -36 -36 -36 -36 -37 -36 -36 -36 -35 -35 -35 -35 -34 -34 -33 -31 -32 -32 -32 -30 -30 -30 -30 -29 -29 -28 -26 -26 -25 -24 -26 -27 -28 -29 -29 -29 -29 -30 -28 -27 -27 -26 -26 -25 -27 -26 -25 -25 -25 -25 -24 -24 -24 -23 -23 -22 -23 -24 -24 -23 -23 -24 -23 -23 -22 -22 -22 -21 -21 -22 -22 -21 -21 -22 -22 -20 -18 -21
-47 -47 -47 -45 -46 -46 -44 -43 -43 -43 -42 -41 -41 -41 -41 -38 -38 -37 -37 -37 -37 -36 -36 -36 -36 -36 -36 -36 -35 -35 -35 -33 -31 -32 -32 -31 -31 -32 -31 -29 -29 -28 -27 -27 -25 -26 -26 -26 -27 -28 -29 -29 -28 -28 -30 -29 -27 -26 -27 -26 -26 -27 -26 -26 -25 -25 -26 -24 -24 -24 -23 -22 -22 -23 -24 -24 -24 -23 -23 -23 -23 -23 -22 -22 -21 -22 -22 -22 -21 -21 -22 -22 -22 -21 -21 -22
-49 -48 -47 -45 -45 -45 -44 -43 -43 -43 -42 -41 -40 -40 -39 -38 -38 -37 -37 -36 -36 -36 -36 -36 -36 -36 -35 -34 -35 -36 -30 -31 -33 -33 -33 -32 -30 -30 -30 -28 -28 -28 -27 -27 -26 -26 -26 -27 -27 -29 -29 -28 -28 -28 -29 -27 -26 -27 -26 -26 -26 -26 -27 -26 -25 -26 -26 -25 -24 -24 -23 -23 -23 -23 -23 -24 -23 -23 -23 -23 -23 -22 -22 -22 -23 -23 -23 -22 -22 -21 -20 -21 -22 -23 -22 -21
-47 -46 -46 -46 -46 -45 -44 -43 -44 -43 -41 -41 -39 -38 -39 -38 -38 -37 -37 -37 -37 -36 -37 -36 -35 -35 -35 -33 -30 -33 -35 -35 -33 -31 -31 -32 -30 -29 -28 -26 -26 -26 -27 -28 -26 -26 -26 -27 -29 -29 -29 -29 -29 -29 -30 -27 -27 -27 -27 -26 -26 -26 -26 -27 -26 -25 -25 -25 -25 -24 -24 -24 -24 -24 -23 -23 -23 -23 -23 -23 -23 -23 -23 -23 -24 -24 -24 -23 -22 -21 -21 -21 -22 -22 -22 -22
-47 -46 -46 -45 -44 -45 -43 -42 -42 -42 -40 -39 -39 -39 -38 -38 -38 -37 -37 -35 -35 -37 -36 -36 -35 -33 -31 -33 -35 -36 -32 -31 -32 -32 -32 -32 -30 -28 -28 -28 -28 -28 -30 -28 -26 -26 -26 -29 -30 -30 -30 -30 -31 -31 -29 -28 -29 -28 -27 -26 -26 -27 -27 -27 -26 -25 -25 -24 -25 -25 -25 -25 -24 -24 -23 -23 -22 -22 -22 -23 -23 -23 -23 -24 -24 -24 -24 -23 -21 -21 -21 -21 -22 -22 -22 -21
-47 -47 -47 -47 -46 -44 -43 -41 -40 -38 -38 -40 -40 -39 -38 -38 -38 -37 -36 -37 -37 -35 -34 -33 -32 -33 -35 -33 -32 -31 -31 -32 -33 -33 -32 -30 -30 -30 -30 -30 -29 -29 -29 -27 -26 -27 -29 -29 -30 -30 -29 -31 -30 -29 -30 -29 -28 -28 -28 -26 -27 -27 -26 -27 -26 -26 -25 -26 -25 -26 -26 -25 -24 -24 -24 -23 -23 -23 -23 -23 -23 -23 -24 -24 -24 -25 -23 -22 -21 -21 -22 -21 -22 -22 -22 -22
-49 -49 -49 -47 -46 -45 -43 -42 -39 -39 -40 -40 -40 -39 -39 -37 -36 -37 -38 -36 -35 -35 -35 -34 -35 -36 -34 -32 -32 -32 -32 -33 -32 -31 -32 -31 -30 -29 -30 -30 -30 -31 -28 -26 -27 -28 -30 -30 -29 -29 -31 -29 -30 -30 -29 -29 -29 -28 -26 -26 -27 -27 -27 -26 -26 -26 -26 -25 -26 -27 -26 -24 -24 -24 -23 -23 -24 -23 -23 -22 -23 -24 -24 -25 -24 -24 -24 -22 -21 -21 -21 -21 -22 -22 -22 -22
-48 -47 -44 -44 -43 -41 -39 -38 -39 -40 -40 -39 -40 -40 -39 -39 -38 -37 -36 -36 -36 -35 -34 -35 -34 -32 -31 -32 -34 -34 -32 -31 -30 -31 -31 -31 -30 -30 -30 -30 -30 -29 -27 -28 -28 -31 -30 -30 -30 -29 -29 -29 -29 -29 -29 -29 -28 -27 -27 -28 -27 -27 -26 -26 -26 -26 -26 -26 -27 -27 -26 -25 -24 -24 -24 -24 -24 -24 -23 -23 -24 -25 -24 -24 -23 -22 -24 -22 -22 -21 -22 -21 -22 -22 -22 -22
-45 -44 -44 -43 -41 -39 -39 -39 -40 -40 -40 -40 -40 -40 -40 -39 -38 -37 -36 -37 -36 -36 -35 -34 -33 -33 -34 -34 -33 -32 -31 -31 -29 -30 -32 -33 -31 -30 -30 -30 -29 -29 -29 -30 -31 -31 -30 -30 -29 -29 -29 -30 -30 -30 -30 -30 -28 -27 -28 -28 -27 -27 -27 -27 -26 -26 -26 -26 -26 -27 -26 -25 -25 -25 -25 -25 -24 -23 -23 -24 -26 -25 -24 -24 -24 -22 -22 -22 -22 -22 -22 -21 -21 -21 -21 -21
-47 -46 -44 -42 -40 -40 -39 -40 -41 -41 -41 -41 -41 -40 -40 -38 -38 -38 -38 -37 -36 -35 -33 -33 -35 -34 -33 -32 -31 -30 -29 -30 -31 -32 -31 -31 -30 -30 -32 -31 -31 -30 -30 -31 -31 -30 -30 -29 -29 -28 -29 -31 -31 -31 -31 -29 -28 -28 -27 -27 -26 -27 -27 -28 -27 -26 -26 -25 -26 -25 -24 -26 -25 -25 -24 -24 -24 -24 -24 -24 -24 -24 -24 -23 -22 -22 -22 -24 -23 -22 -22 -22 -20 -20 -21 -21
-45 -43 -41 -42 -41 -40 -39 -40 -41 -41 -40 -41 -42 -41 -39 -38 -38 -38 -38 -36 -35 -34 -33 -33 -34 -33 -32 -31 -31 -31 -30 -31 -31 -32 -32 -30 -30 -30 -30 -31 -32 -30 -31 -33 -31 -30 -29 -29 -28 -29 -30 -31 -30 -31 -29 -29 -29 -27 -27 -27 -27 -27 -29 -27 -27 -27 -26 -26 -26 -26 -26 -26 -25 -25 -24 -24 -24 -24 -24 -24 -24 -24 -24 -23 -22 -24 -24 -24 -23 -22 -22 -21 -21 -21 -20 -21
-43 -42 -42 -41 -40 -39 -40 -42 -42 -41 -41 -41 -40 -40 -39 -39 -38 -37 -36 -34 -34 -36 -35 -33 -33 -31 -31 -29 -29 -29 -30 -33 -33 -33 -32 -30 -30 -31 -31 -31 -32 -32 -34 -33 -31 -31 -30 -30 -29 -30 -31 -31 -30 -30 -31 -29 -27 -29 -28 -28 -29 -28 -27 -27 -26 -26 -26 -26 -27 -26 -26 -26 -26 -25 -25 -25 -25 -24 -24 -24 -24 -24 -24 -24 -23 -23 -23 -22 -24 -22 -22 -22 -21 -21 -20 -21
-43 -43 -42 -40 -39 -40 -42 -43 -42 -41 -41 -41 -41 -41 -39 -35 -35 -35 -36 -37 -36 -34 -33 -31 -31 -30 -30 -28 -30 -30 -31 -32 -32 -32 -31 -30 -29 -30 -31 -33 -33 -32 -32 -32 -31 -31 -31 -32 -31 -31 -31 -31 -31 -30 -29 -28 -29 -27 -28 -27 -27 -27 -27 -27 -26 -26 -26 -27 -27 -27 -26 -26 -26 -26 -26 -25 -24 -24 -24 -24 -24 -24 -24 -24 -23 -24 -24 -22 -22 -22 -22 -22 -21 -20 -21 -21
-42 -41 -40 -40 -41 -41 -42 -42 -41 -41 -41 -40 -39 -36 -35 -37 -38 -38 -38 -36 -35 -34 -32 -31 -31 -30 -30 -29 -28 -30 -32 -33 -32 -31 -28 -29 -31 -30 -32 -32 -32 -31 -32 -33 -32 -31 -32 -31 -30 -31 -31 -31 -29 -29 -27 -29 -28 -28 -28 -27 -28 -27 -26 -26 -27 -26 -26 -27 -27 -27 -27 -27 -26 -25 -26 -25 -24 -22 -24 -24 -24 -24 -24 -24 -24 -24 -24 -23 -22 -23 -23 -22 -21 -21 -21 -22
-41 -41 -41 -42 -42 -42 -42 -42 -41 -40 -37 -36 -37 -38 -38 -38 -39 -37 -37 -36 -35 -33 -32 -31 -30 -30 -30 -29 -30 -32 -32 -32 -32 -29 -28 -29 -30 -30 -31 -31 -32 -33 -33 -32 -31 -31 -31 -30 -31 -32 -31 -29 -28 -27 -28 -29 -28 -28 -28 -28 -27 -27 -27 -27 -27 -26 -26 -26 -27 -27 -27 -26 -26 -26 -26 -24 -24 -23 -23 -23 -23 -22 -23 -24 -24 -24 -24 -24 -24 -23 -22 -22 -22 -22 -22 -21
-42 -42 -42 -42 -44 -44 -42 -38 -36 -37 -38 -39 -38 -38 -39 -37 -38 -38 -37 -36 -33 -31 -31 -30 -30 -31 -31 -32 -33 -33 -31 -32 -31 -29 -28 -29 -31 -31 -31 -31 -33 -33 -33 -32 -30 -31 -31 -32 -32 -30 -29 -28 -28 -29 -29 -28 -28 -28 -27 -27 -27 -27 -27 -27 -26 -26 -27 -27 -26 -26 -26 -26 -26 -26 -25 -24 -24 -23 -22 -24 -24 -23 -22 -24 -24 -24 -24 -24 -24 -23 -23 -22 -22 -22 -21 -21
-41 -42 -43 -43 -41 -40 -38 -39 -39 -38 -38 -38 -38 -37 -37 -37 -37 -37 -36 -35 -32 -31 -30 -30 -32 -33 -33 -32 -32 -31 -32 -32 -30 -28 -29 -30 -32 -31 -30 -33 -33 -33 -33 -31 -30 -31 -31 -30 -31 -29 -28 -29 -28 -29 -29 -28 -27 -27 -28 -28 -27 -27 -27 -27 -27 -27 -27 -27 -27 -26 -26 -25 -24 -25 -24 -24 -24 -22 -24 -24 -24 -24 -23 -23 -24 -24 -24 -23 -24 -23 -22 -22 -22 -21 -21 -20
