data/gebco_2024_n52.8999_s52.15_w-4.7859_e-4.0361.asc
ncols        180
nrows        180
xllcorner    -4.787500000000
yllcorner    52.150000000000
cellsize     0.004166666667
NODATA_value -32767
[rows 42 to 83 of 180, columns 0 to 95 of 180]
-13 -11 -14 -22 -33 -40 -40 -38 -37 -36 -35 -35 -35 -34 -33 -33 -31 -31 -30 -30 -29 -29 -29 -28 -28 -28 -28 -27 -27 -28 -28 -23 -27 -26 -26 -25 -21 -24 -26 -28 -28 -28 -28 -28 -27 -26 -25 -24 -24 -23 -22 -22 -21 -21 -20 -20 -20 -20 -20 -20 -20 -20 -20 -20 -20 -21 -21 -21 -21 -22 -22 -23 -24 -25 -25 -26 -27 -28 -28 -23 -21 -19 -18 -17 -16 -15 -15 -15 -15 -16 -16 -16 -16 -15 -16 -16
-11 -11 -12 -16 -22 -32 -38 -38 -38 -38 -37 -36 -34 -33 -32 -33 -32 -31 -31 -30 -29 -29 -29 -30 -30 -29 -29 -29 -29 -28 -27 -26 -27 -27 -27 -25 -25 -28 -29 -30 -29 -30 -30 -29 -28 -27 -26 -25 -25 -24 -23 -23 -22 -22 -21 -21 -21 -20 -20 -20 -20 -20 -20 -20 -21 -21 -21 -21 -22 -22 -22 -23 -23 -24 -24 -24 -24 -23 -20 -17 -17 -17 -17 -17 -16 -16 -16 -16 -15 -16 -17 -17 -16 -16 -16 -16
-16 -12 -12 -12 -14 -23 -32 -37 -39 -39 -40 -40 -39 -36 -34 -31 -31 -31 -31 -31 -30 -29 -30 -30 -31 -29 -29 -29 -28 -28 -28 -28 -28 -28 -27 -27 -27 -28 -29 -31 -31 -30 -30 -30 -29 -28 -27 -26 -26 -25 -24 -23 -23 -22 -22 -22 -21 -21 -21 -21 -21 -21 -21 -21 -21 -21 -21 -21 -22 -22 -22 -22 -22 -23 -23 -22 -21 -20 -17 -17 -17 -17 -18 -17 -17 -17 -18 -17 -18 -18 -19 -18 -18 -18 -19 -17
-25 -18 -14 -12 -12 -13 -24 -29 -34 -36 -37 -38 -39 -39 -38 -36 -36 -35 -33 -32 -32 -31 -29 -29 -29 -29 -29 -30 -30 -30 -31 -30 -30 -30 -30 -29 -29 -29 -29 -31 -31 -30 -30 -30 -30 -29 -28 -27 -27 -26 -25 -24 -24 -23 -23 -22 -22 -22 -21 -21 -21 -21 -21 -21 -21 -21 -21 -21 -22 -22 -22 -22 -22 -22 -22 -21 -20 -19 -18 -18 -18 -18 -19 -20 -20 -21 -19 -18 -17 -18 -18 -18 -17 -18 -17 -17
-32 -23 -17 -12 -10 -11 -22 -26 -27 -29 -31 -33 -35 -35 -37 -38 -36 -36 -35 -34 -34 -33 -33 -33 -34 -33 -32 -32 -32 -31 -32 -31 -30 -31 -30 -31 -31 -31 -31 -31 -31 -31 -31 -31 -30 -30 -29 -28 -27 -27 -26 -25 -24 -24 -23 -23 -22 -22 -22 -22 -22 -21 -21 -21 -21 -21 -21 -21 -21 -22 -22 -22 -21 -21 -21 -21 -20 -20 -20 -19 -19 -19 -20 -20 -20 -19 -18 -19 -17 -18 -17 -18 -17 -17 -17 -16
-37 -31 -23 -15 -15 -11 -20 -25 -28 -30 -30 -29 -28 -28 -30 -33 -31 -29 -30 -34 -37 -37 -36 -36 -36 -35 -35 -34 -34 -33 -33 -33 -32 -31 -31 -31 -31 -29 -29 -30 -30 -30 -30 -30 -31 -31 -30 -29 -28 -27 -26 -26 -25 -24 -24 -23 -23 -23 -22 -22 -22 -22 -22 -22 -22 -21 -21 -21 -21 -21 -21 -21 -21 -21 -21 -20 -20 -20 -20 -20 -20 -20 -20 -20 -19 -18 -18 -19 -18 -18 -17 -18 -17 -16 -14 -13
-47 -40 -30 -22 -18 -14 -19 -25 -28 -31 -32 -32 -32 -31 -30 -28 -28 -29 -30 -30 -29 -28 -26 -32 -38 -37 -37 -37 -36 -35 -33 -31 -31 -30 -29 -29 -28 -29 -30 -30 -31 -32 -33 -34 -34 -33 -32 -30 -29 -28 -27 -26 -25 -25 -24 -24 -23 -23 -23 -22 -22 -22 -22 -22 -22 -22 -22 -21 -21 -21 -21 -21 -21 -21 -20 -20 -20 -20 -20 -20 -20 -20 -20 -19 -19 -18 -18 -18 -17 -15 -16 -15 -15 -14 -11 -12
-47 -46 -38 -27 -22 -20 -21 -22 -28 -31 -33 -34 -34 -33 -32 -31 -30 -28 -29 -32 -30 -28 -27 -22 -28 -34 -35 -36 -35 -35 -34 -32 -31 -29 -28 -29 -29 -30 -31 -30 -31 -33 -36 -38 -37 -35 -33 -31 -30 -29 -28 -27 -26 -25 -25 -24 -24 -23 -23 -23 -23 -22 -22 -22 -22 -22 -22 -21 -21 -21 -21 -21 -21 -20 -20 -20 -20 -20 -20 -20 -20 -20 -19 -19 -19 -18 -18 -17 -16 -14 -14 -14 -12 -10 -10 -12
-45 -47 -45 -38 -31 -24 -23 -20 -24 -30 -34 -36 -36 -36 -35 -35 -34 -32 -30 -28 -31 -32 -30 -26 -25 -31 -33 -30 -30 -34 -35 -33 -31 -29 -29 -30 -31 -32 -32 -32 -34 -37 -39 -40 -38 -36 -34 -32 -30 -29 -28 -27 -26 -26 -25 -25 -24 -24 -23 -23 -23 -23 -22 -22 -22 -22 -22 -21 -21 -21 -21 -21 -20 -20 -20 -20 -20 -20 -20 -20 -19 -19 -19 -19 -18 -18 -17 -16 -15 -14 -13 -12 -10 -9 -9 -10
-43 -43 -44 -43 -40 -33 -29 -25 -28 -29 -32 -34 -36 -37 -37 -36 -36 -36 -34 -32 -30 -33 -34 -31 -27 -28 -34 -32 -30 -30 -33 -32 -31 -32 -31 -31 -33 -34 -35 -37 -38 -39 -40 -41 -39 -37 -34 -32 -30 -29 -28 -27 -26 -26 -25 -25 -24 -24 -24 -23 -23 -23 -22 -22 -22 -22 -22 -21 -21 -21 -21 -20 -20 -20 -20 -20 -20 -20 -20 -19 -19 -19 -19 -18 -18 -18 -17 -16 -14 -12 -11 -11 -10 -11 -10 -10
-43 -43 -43 -43 -42 -41 -37 -34 -33 -31 -33 -34 -35 -36 -38 -39 -38 -37 -36 -36 -34 -31 -35 -36 -33 -29 -34 -34 -33 -34 -32 -33 -32 -32 -32 -32 -33 -34 -37 -39 -40 -40 -40 -40 -39 -36 -34 -32 -30 -29 -28 -27 -27 -26 -26 -25 -25 -24 -24 -24 -23 -23 -23 -22 -22 -22 -22 -21 -21 -21 -20 -20 -20 -20 -20 -20 -20 -20 -20 -19 -18 -18 -18 -18 -18 -18 -17 -16 -15 -13 -12 -12 -11 -12 -12 -10
-45 -44 -43 -43 -42 -42 -40 -39 -38 -37 -35 -36 -36 -36 -37 -37 -36 -35 -35 -38 -37 -33 -36 -36 -36 -31 -32 -34 -33 -34 -30 -33 -32 -31 -31 -31 -30 -32 -37 -38 -39 -40 -40 -42 -40 -36 -33 -31 -29 -28 -28 -27 -27 -26 -26 -25 -25 -24 -24 -24 -23 -23 -23 -22 -22 -22 -22 -21 -21 -21 -20 -20 -19 -19 -19 -19 -20 -20 -19 -18 -17 -17 -17 -17 -17 -17 -17 -16 -15 -14 -14 -13 -12 -12 -13 -15
-46 -45 -43 -42 -42 -42 -41 -40 -40 -39 -38 -38 -38 -38 -38 -37 -36 -37 -37 -37 -38 -36 -35 -36 -35 -29 -33 -34 -33 -32 -31 -32 -32 -31 -30 -30 -30 -33 -36 -38 -40 -41 -42 -43 -40 -34 -31 -29 -28 -27 -27 -27 -27 -26 -26 -26 -25 -25 -24 -24 -24 -23 -23 -22 -22 -22 -22 -21 -21 -21 -20 -19 -18 -18 -18 -18 -19 -19 -18 -17 -16 -16 -16 -17 -17 -17 -17 -17 -17 -16 -15 -14 -14 -14 -15 -16
-46 -46 -44 -43 -42 -42 -41 -41 -40 -39 -40 -40 -39 -38 -37 -38 -38 -37 -36 -36 -36 -35 -37 -37 -36 -28 -35 -34 -34 -33 -33 -33 -33 -32 -32 -32 -36 -38 -39 -41 -41 -42 -42 -44 -39 -31 -28 -27 -27 -27 -27 -27 -27 -26 -26 -26 -25 -25 -25 -24 -24 -23 -23 -23 -22 -22 -22 -21 -21 -21 -20 -20 -18 -18 -18 -18 -18 -17 -17 -16 -15 -15 -15 -16 -16 -16 -17 -18 -17 -16 -16 -16 -15 -16 -17 -16
-46 -44 -43 -43 -42 -41 -40 -40 -40 -41 -41 -40 -40 -39 -39 -38 -39 -39 -37 -36 -35 -35 -35 -35 -33 -30 -35 -35 -35 -31 -33 -35 -35 -35 -37 -39 -39 -39 -41 -41 -42 -43 -44 -43 -30 -27 -26 -25 -26 -26 -27 -27 -27 -27 -26 -26 -26 -25 -25 -24 -24 -23 -23 -23 -22 -22 -22 -21 -21 -21 -21 -21 -20 -20 -18 -17 -18 -16 -16 -16 -13 -14 -14 -16 -16 -16 -17 -18 -17 -17 -17 -17 -17 -18 -18 -16
-47 -46 -45 -43 -42 -41 -41 -41 -41 -41 -40 -40 -40 -40 -40 -40 -40 -38 -38 -37 -35 -38 -36 -35 -31 -34 -36 -37 -36 -33 -36 -38 -38 -38 -39 -39 -39 -40 -39 -42 -42 -43 -38 -29 -27 -26 -25 -25 -26 -27 -27 -27 -27 -27 -27 -26 -26 -25 -25 -24 -24 -23 -23 -22 -22 -22 -22 -21 -21 -21 -20 -20 -20 -20 -19 -19 -15 -16 -17 -15 -15 -13 -15 -16 -16 -17 -17 -16 -16 -16 -16 -16 -18 -17 -18 -16
-46 -46 -45 -44 -43 -43 -42 -41 -41 -40 -40 -40 -40 -40 -40 -39 -39 -39 -38 -36 -38 -39 -38 -37 -30 -38 -39 -39 -33 -36 -39 -39 -39 -39 -39 -39 -38 -36 -40 -41 -41 -35 -30 -31 -27 -26 -26 -27 -27 -27 -27 -27 -27 -27 -27 -27 -26 -26 -25 -24 -24 -23 -23 -22 -22 -22 -21 -21 -21 -21 -20 -19 -19 -19 -19 -18 -16 -17 -15 -14 -15 -16 -16 -17 -17 -17 -17 -17 -17 -17 -17 -17 -17 -17 -17 -17
-45 -44 -45 -44 -44 -43 -41 -41 -41 -40 -40 -40 -39 -39 -39 -39 -39 -38 -36 -37 -38 -37 -34 -28 -37 -39 -39 -34 -32 -38 -39 -38 -38 -38 -37 -34 -33 -36 -38 -36 -32 -32 -31 -32 -28 -27 -27 -28 -28 -27 -26 -27 -27 -28 -28 -27 -27 -26 -25 -24 -24 -23 -23 -22 -22 -21 -21 -20 -20 -20 -20 -19 -19 -19 -18 -16 -14 -16 -15 -14 -14 -15 -15 -17 -17 -16 -17 -17 -17 -17 -17 -17 -16 -16 -17 -17
-45 -45 -45 -45 -44 -43 -41 -40 -40 -40 -40 -40 -40 -39 -39 -39 -38 -37 -37 -39 -37 -34 -35 -30 -41 -40 -37 -29 -37 -38 -38 -36 -37 -34 -31 -32 -34 -35 -35 -33 -34 -32 -31 -31 -29 -28 -28 -26 -25 -26 -26 -27 -28 -28 -28 -28 -27 -26 -25 -24 -24 -23 -23 -22 -22 -21 -20 -20 -19 -19 -18 -19 -20 -18 -17 -15 -16 -17 -17 -15 -14 -14 -15 -16 -16 -15 -16 -16 -16 -16 -16 -16 -16 -16 -16 -17
-45 -45 -46 -45 -44 -43 -41 -41 -40 -40 -40 -40 -40 -40 -40 -40 -40 -38 -40 -37 -38 -39 -30 -39 -40 -39 -33 -33 -38 -37 -34 -35 -32 -31 -32 -34 -35 -34 -34 -34 -33 -30 -30 -31 -28 -29 -26 -23 -23 -25 -26 -27 -29 -28 -28 -28 -27 -26 -25 -24 -24 -23 -23 -22 -21 -21 -20 -19 -19 -19 -20 -18 -19 -18 -18 -18 -17 -16 -16 -16 -14 -15 -15 -14 -15 -15 -15 -15 -15 -16 -16 -16 -16 -16 -16 -16
-45 -45 -45 -45 -44 -43 -42 -42 -41 -41 -41 -41 -40 -40 -41 -40 -36 -40 -39 -40 -37 -31 -38 -39 -39 -37 -31 -37 -37 -32 -33 -32 -33 -33 -33 -35 -35 -33 -34 -33 -31 -30 -30 -29 -27 -27 -23 -22 -23 -26 -27 -28 -28 -28 -27 -26 -25 -25 -25 -24 -24 -23 -23 -22 -22 -21 -20 -19 -19 -20 -20 -19 -18 -18 -17 -18 -18 -18 -17 -16 -15 -12 -12 -14 -14 -13 -15 -15 -16 -17 -17 -16 -16 -17 -17 -16
-45 -44 -44 -44 -44 -43 -43 -42 -42 -41 -40 -39 -40 -40 -40 -33 -42 -42 -40 -37 -34 -31 -39 -39 -38 -30 -35 -36 -31 -33 -34 -33 -33 -33 -35 -36 -34 -34 -34 -32 -30 -28 -29 -30 -26 -24 -21 -22 -23 -26 -27 -27 -28 -28 -27 -26 -25 -25 -25 -24 -23 -23 -23 -22 -22 -21 -20 -19 -19 -19 -19 -18 -18 -17 -17 -18 -19 -20 -19 -18 -17 -16 -15 -14 -15 -16 -15 -16 -17 -18 -18 -17 -17 -16 -17 -16
-44 -44 -44 -44 -44 -43 -42 -41 -41 -41 -41 -41 -41 -41 -38 -42 -42 -42 -40 -34 -37 -39 -39 -37 -28 -34 -28 -32 -34 -35 -34 -34 -34 -35 -36 -36 -35 -35 -33 -31 -30 -30 -30 -30 -26 -24 -22 -22 -25 -27 -27 -27 -28 -28 -27 -26 -26 -26 -25 -24 -23 -23 -23 -23 -22 -22 -21 -20 -20 -20 -20 -19 -19 -19 -19 -19 -19 -19 -18 -18 -17 -18 -17 -17 -17 -16 -16 -17 -18 -18 -19 -18 -17 -17 -16 -17
-43 -43 -43 -43 -43 -43 -42 -41 -41 -41 -40 -40 -41 -39 -41 -42 -40 -39 -35 -38 -40 -39 -38 -27 -28 -30 -32 -33 -34 -34 -33 -32 -34 -36 -36 -36 -35 -34 -31 -31 -31 -31 -31 -30 -26 -24 -24 -24 -26 -27 -28 -28 -28 -28 -27 -27 -26 -26 -25 -24 -23 -23 -23 -23 -23 -23 -22 -22 -21 -22 -21 -21 -20 -19 -19 -19 -20 -20 -20 -18 -17 -17 -17 -18 -17 -16 -17 -18 -19 -18 -18 -18 -16 -17 -17 -18
-43 -43 -43 -43 -43 -43 -42 -41 -40 -40 -39 -37 -38 -41 -41 -39 -37 -33 -36 -40 -39 -36 -28 -29 -32 -32 -32 -33 -33 -32 -30 -33 -35 -36 -36 -35 -35 -32 -31 -30 -30 -32 -31 -31 -25 -24 -25 -26 -26 -26 -27 -27 -27 -27 -27 -26 -26 -25 -24 -24 -23 -23 -24 -24 -24 -24 -23 -23 -22 -23 -22 -21 -20 -19 -19 -19 -21 -21 -20 -19 -19 -19 -19 -18 -18 -17 -17 -19 -19 -19 -19 -19 -18 -17 -18 -19
-44 -44 -44 -44 -43 -42 -42 -41 -40 -39 -39 -40 -38 -38 -38 -36 -35 -37 -39 -36 -33 -29 -31 -32 -33 -33 -32 -32 -32 -31 -32 -34 -35 -36 -35 -35 -35 -32 -30 -31 -31 -31 -31 -31 -24 -24 -25 -25 -25 -26 -26 -27 -27 -27 -27 -26 -25 -25 -25 -24 -24 -24 -24 -24 -25 -25 -24 -23 -23 -23 -21 -20 -18 -19 -20 -20 -20 -19 -19 -19 -20 -20 -19 -19 -18 -17 -16 -17 -17 -18 -17 -18 -17 -19 -18 -18
-44 -44 -44 -43 -43 -41 -40 -40 -39 -39 -39 -38 -35 -35 -35 -38 -38 -39 -33 -29 -26 -33 -32 -34 -34 -33 -34 -33 -32 -33 -34 -35 -36 -36 -35 -35 -34 -26 -30 -32 -31 -31 -30 -30 -26 -25 -25 -25 -25 -25 -25 -26 -26 -26 -26 -26 -26 -26 -25 -25 -25 -24 -24 -24 -24 -24 -24 -23 -22 -20 -18 -18 -19 -20 -20 -20 -19 -19 -19 -19 -19 -19 -19 -19 -19 -18 -16 -17 -17 -18 -16 -18 -17 -18 -17 -18
-45 -45 -44 -42 -40 -38 -41 -39 -40 -40 -39 -35 -33 -35 -35 -37 -37 -29 -28 -28 -31 -34 -32 -32 -34 -34 -33 -34 -34 -35 -36 -37 -37 -37 -35 -32 -28 -32 -31 -32 -32 -31 -30 -31 -28 -25 -25 -26 -26 -26 -26 -26 -26 -26 -26 -26 -26 -26 -26 -25 -25 -24 -23 -23 -22 -21 -22 -22 -21 -20 -20 -21 -20 -21 -21 -21 -20 -21 -20 -20 -19 -19 -19 -19 -19 -18 -17 -17 -17 -18 -17 -18 -18 -17 -16 -17
-45 -45 -43 -39 -43 -42 -39 -41 -42 -41 -38 -33 -35 -33 -40 -31 -29 -33 -27 -30 -34 -31 -33 -36 -33 -34 -35 -36 -36 -36 -36 -37 -36 -32 -29 -32 -32 -34 -32 -33 -31 -31 -32 -31 -28 -26 -26 -26 -26 -26 -27 -27 -27 -27 -26 -26 -25 -25 -25 -24 -24 -24 -23 -23 -21 -21 -21 -21 -19 -20 -20 -21 -21 -22 -22 -21 -21 -21 -21 -20 -20 -19 -19 -19 -19 -18 -18 -16 -16 -17 -17 -17 -17 -18 -16 -17
-45 -41 -43 -43 -39 -41 -43 -42 -40 -37 -37 -37 -38 -39 -34 -37 -31 -32 -33 -34 -36 -36 -36 -33 -34 -35 -36 -36 -36 -37 -37 -35 -33 -33 -34 -35 -34 -34 -33 -30 -29 -31 -30 -26 -27 -27 -27 -27 -27 -27 -27 -27 -27 -27 -26 -25 -25 -25 -24 -24 -24 -24 -24 -23 -22 -22 -22 -22 -21 -21 -20 -20 -22 -23 -22 -20 -21 -21 -21 -20 -20 -19 -19 -19 -18 -19 -18 -18 -17 -18 -17 -16 -16 -15 -14 -15
-43 -45 -41 -43 -45 -44 -40 -41 -40 -39 -37 -36 -40 -36 -37 -31 -32 -34 -36 -37 -36 -33 -34 -35 -36 -36 -37 -37 -35 -35 -35 -36 -37 -36 -36 -37 -35 -33 -31 -32 -30 -27 -29 -31 -30 -28 -27 -27 -28 -28 -27 -26 -26 -26 -25 -24 -24 -25 -24 -24 -24 -24 -24 -23 -22 -22 -22 -22 -22 -22 -22 -22 -22 -23 -22 -21 -22 -22 -22 -21 -20 -19 -19 -19 -18 -19 -18 -18 -18 -18 -17 -17 -16 -15 -14 -15
-43 -40 -43 -43 -43 -43 -43 -41 -36 -35 -38 -40 -35 -31 -30 -33 -34 -36 -36 -36 -35 -35 -36 -36 -36 -37 -35 -34 -36 -36 -36 -36 -36 -36 -36 -33 -33 -33 -33 -31 -28 -29 -29 -29 -29 -28 -27 -26 -26 -26 -26 -25 -25 -25 -24 -24 -24 -25 -24 -24 -23 -23 -23 -23 -22 -22 -22 -22 -22 -22 -22 -23 -21 -21 -22 -22 -21 -22 -22 -21 -20 -19 -19 -19 -19 -19 -19 -16 -18 -18 -17 -15 -14 -16 -16 -16
-44 -45 -44 -43 -43 -43 -38 -37 -38 -40 -39 -33 -31 -35 -36 -36 -35 -36 -35 -35 -35 -35 -35 -36 -37 -34 -35 -37 -37 -37 -37 -37 -35 -31 -32 -34 -35 -33 -31 -29 -30 -31 -30 -28 -27 -27 -27 -26 -25 -25 -26 -25 -25 -25 -25 -25 -25 -25 -24 -24 -23 -22 -22 -22 -22 -22 -22 -22 -21 -22 -21 -22 -22 -21 -21 -22 -20 -21 -21 -20 -20 -20 -19 -19 -19 -20 -20 -18 -17 -18 -17 -16 -16 -17 -16 -16
-45 -44 -43 -42 -40 -37 -38 -39 -38 -34 -33 -35 -37 -37 -37 -37 -37 -36 -36 -36 -36 -35 -35 -37 -35 -36 -37 -37 -37 -37 -37 -33 -31 -33 -35 -34 -33 -33 -31 -30 -31 -31 -29 -28 -26 -27 -28 -26 -25 -25 -25 -24 -24 -25 -26 -26 -25 -25 -24 -24 -23 -22 -22 -22 -22 -22 -21 -20 -20 -22 -22 -22 -22 -22 -22 -22 -22 -21 -21 -19 -19 -19 -20 -19 -20 -20 -19 -18 -18 -18 -17 -16 -17 -18 -17 -17
-46 -44 -42 -41 -40 -39 -40 -36 -34 -36 -36 -37 -37 -37 -38 -36 -34 -35 -36 -36 -36 -35 -34 -33 -36 -37 -37 -37 -37 -37 -34 -34 -35 -34 -33 -32 -33 -31 -28 -30 -29 -25 -25 -26 -27 -28 -27 -26 -25 -25 -25 -25 -25 -25 -25 -26 -26 -26 -25 -24 -24 -23 -22 -22 -22 -22 -22 -21 -22 -22 -22 -22 -22 -21 -21 -21 -21 -21 -21 -20 -19 -19 -20 -20 -20 -19 -19 -19 -18 -17 -18 -18 -17 -18 -19 -19
-44 -43 -43 -41 -40 -40 -35 -38 -38 -37 -37 -37 -38 -38 -36 -34 -36 -36 -36 -36 -35 -35 -33 -36 -37 -37 -37 -37 -36 -35 -36 -35 -31 -31 -34 -34 -30 -26 -29 -27 -26 -26 -27 -26 -28 -28 -27 -27 -27 -26 -26 -25 -25 -25 -25 -26 -26 -26 -25 -25 -24 -23 -23 -23 -23 -22 -22 -22 -22 -23 -22 -23 -23 -21 -20 -21 -21 -21 -20 -20 -20 -19 -19 -19 -19 -18 -18 -19 -18 -17 -18 -18 -19 -20 -19 -18
-43 -43 -41 -40 -39 -36 -35 -35 -35 -36 -37 -37 -37 -34 -36 -37 -36 -36 -36 -36 -35 -34 -36 -37 -36 -37 -36 -35 -36 -38 -35 -31 -34 -35 -34 -29 -26 -29 -28 -27 -26 -28 -27 -23 -24 -27 -27 -28 -27 -26 -26 -26 -25 -25 -26 -26 -25 -25 -25 -25 -24 -24 -23 -23 -23 -23 -23 -23 -23 -23 -23 -22 -23 -22 -21 -21 -21 -21 -20 -20 -21 -20 -20 -20 -20 -19 -19 -19 -18 -19 -18 -18 -20 -20 -18 -17
-45 -44 -42 -40 -38 -38 -37 -36 -38 -39 -36 -36 -38 -39 -38 -37 -36 -36 -35 -35 -35 -36 -37 -37 -37 -36 -36 -37 -37 -32 -34 -36 -36 -35 -25 -30 -32 -31 -31 -20 -24 -27 -27 -27 -23 -25 -25 -27 -28 -27 -27 -26 -27 -25 -25 -26 -25 -25 -26 -25 -25 -24 -23 -23 -23 -23 -23 -23 -23 -24 -23 -23 -22 -22 -21 -21 -22 -21 -21 -20 -20 -21 -21 -21 -20 -20 -20 -20 -18 -19 -19 -19 -19 -17 -16 -18
-46 -44 -42 -41 -38 -37 -40 -41 -36 -39 -39 -40 -40 -39 -38 -37 -38 -39 -39 -39 -38 -38 -38 -37 -37 -37 -37 -35 -36 -37 -37 -31 -28 -31 -32 -33 -32 -25 -23 -28 -29 -28 -29 -30 -27 -27 -27 -26 -26 -27 -27 -26 -25 -25 -25 -26 -25 -26 -25 -25 -24 -25 -24 -24 -23 -24 -24 -24 -23 -24 -23 -23 -23 -21 -21 -21 -22 -21 -21 -20 -21 -21 -21 -21 -20 -20 -20 -20 -19 -18 -18 -19 -19 -18 -16 -18
-44 -42 -39 -37 -40 -42 -39 -37 -40 -40 -41 -41 -39 -38 -38 -38 -39 -40 -40 -40 -39 -38 -38 -38 -37 -37 -36 -37 -37 -35 -32 -32 -33 -32 -33 -30 -27 -28 -29 -30 -30 -30 -31 -30 -29 -28 -28 -26 -26 -26 -26 -26 -25 -25 -24 -25 -25 -26 -26 -25 -24 -24 -23 -23 -24 -23 -23 -22 -22 -23 -23 -22 -23 -22 -21 -21 -22 -21 -21 -21 -21 -21 -21 -22 -21 -20 -20 -19 -18 -19 -19 -20 -19 -20 -19 -18
-40 -38 -38 -41 -41 -39 -39 -40 -40 -41 -40 -37 -37 -38 -39 -40 -40 -40 -40 -40 -39 -39 -39 -39 -39 -38 -37 -35 -34 -35 -34 -32 -32 -32 -29 -27 -28 -29 -30 -30 -30 -31 -31 -30 -28 -28 -28 -26 -26 -26 -26 -26 -25 -25 -25 -25 -25 -25 -25 -25 -24 -24 -23 -22 -23 -23 -22 -23 -23 -23 -23 -22 -23 -22 -21 -22 -22 -21 -21 -21 -21 -21 -22 -21 -22 -21 -20 -19 -19 -20 -20 -20 -19 -19 -19 -19
-40 -40 -40 -41 -41 -41 -41 -40 -38 -38 -37 -38 -39 -40 -41 -41 -41 -42 -41 -40 -39 -40 -40 -37 -37 -38 -37 -37 -34 -33 -33 -34 -34 -32 -30 -30 -28 -29 -30 -30 -29 -30 -30 -30 -28 -28 -27 -26 -26 -26 -26 -26 -25 -25 -25 -24 -24 -24 -25 -26 -25 -25 -24 -23 -23 -22 -22 -23 -23 -23 -24 -24 -23 -22 -22 -22 -22 -23 -22 -23 -22 -21 -21 -21 -21 -20 -20 -19 -19 -19 -19 -19 -19 -18 -18 -19
