data/gebco_2024_n52.8999_s52.15_w-4.7859_e-4.0361.asc
ncols        180
nrows        180
xllcorner    -4.787500000000
yllcorner    52.150000000000
cellsize     0.004166666667
NODATA_value -32767
[rows 0 to 41 of 180, columns 0 to 95 of 180]
-55 -51 -51 -50 -50 -48 -46 -44 -41 -39 -37 -34 -32 -30 -28 -26 -24 -22 -20 -18 -16 -15 -13 -11 -9 -8 -6 -5 -4 -2 -2 17 23 27 30 33 35 39 42 48 55 60 65 69 70 68 70 70 73 74 72 74 78 71 62 63 73 80 83 75 64 55 46 37 30 25 20 19 22 29 30 30 40 49 50 42 26 14 14 15 18 25 29 25 23 26 29 29 34 47 53 47 28 8 4 3
-54 -51 -51 -50 -50 -48 -45 -43 -40 -38 -35 -33 -30 -28 -26 -24 -22 -20 -18 -16 -14 -12 -11 -9 -7 -6 -5 -3 -2 -1 -1 22 27 31 35 39 44 47 49 55 58 60 64 70 78 92 103 98 93 90 83 77 82 98 120 132 128 125 139 136 104 85 73 61 55 51 39 31 25 20 19 19 21 31 43 38 26 16 12 11 11 13 13 13 18 20 23 31 39 39 33 25 11 4 -1 1
-55 -51 -50 -50 -49 -47 -44 -42 -39 -36 -33 -31 -28 -26 -24 -21 -19 -17 -15 -14 -12 -10 -8 -7 -5 -4 -3 -2 -1 -1 21 25 29 34 40 47 51 56 65 69 68 73 77 82 93 114 128 124 117 104 84 88 129 183 237 245 211 185 175 172 144 107 86 80 79 76 62 52 47 34 21 17 17 23 35 28 16 12 8 7 9 11 10 8 13 21 27 25 16 10 7 4 -1 -2 -3 -2
-51 -51 -50 -50 -49 -46 -44 -40 -37 -34 -31 -29 -26 -24 -21 -19 -17 -15 -13 -11 -9 -8 -6 -5 -4 -3 -2 -1 -1 16 24 29 34 41 50 58 60 62 68 73 81 89 90 94 108 126 135 130 122 97 81 109 150 200 268 286 241 203 168 140 117 96 85 85 82 78 73 59 49 42 27 18 18 30 39 29 17 10 7 5 5 5 4 3 6 6 4 3 3 7 -1 -1 -2 -2 -3 -3
-50 -51 -51 -50 -48 -46 -42 -39 -36 -33 -30 -27 -24 -21 -19 -17 -15 -13 -11 -9 -7 -6 -4 -3 -2 -2 -1 -1 -1 23 30 36 41 49 61 75 89 86 76 74 78 78 80 99 119 131 130 118 107 84 97 139 154 165 178 192 215 220 175 133 106 91 92 95 88 82 72 59 49 38 27 18 16 28 30 20 16 13 12 11 9 9 6 3 3 4 4 -1 -1 -1 -1 -1 -2 -2 -3 -4
-49 -50 -51 -50 -48 -44 -41 -38 -34 -31 -27 -24 -21 -19 -16 -14 -12 -10 -8 -7 -5 -4 -2 -1 -1 -1 -1 -1 22 30 37 45 53 63 79 109 133 122 100 86 73 68 90 113 121 114 110 109 90 69 87 106 107 116 129 145 166 167 142 105 101 130 142 128 108 92 78 62 47 39 32 21 15 20 20 15 12 10 7 4 3 3 4 3 3 -1 -1 -1 -2 -2 -3 -4 -4 -5 -5 -5
-49 -49 -49 -49 -46 -43 -40 -36 -32 -29 -25 -22 -19 -16 -14 -11 -9 -8 -6 -5 -3 -2 -1 -1 -1 24 28 31 32 35 45 55 66 80 104 136 150 146 125 91 65 67 84 91 92 91 98 103 96 81 61 58 75 96 121 131 145 151 129 103 132 169 180 157 126 101 81 65 52 44 38 30 20 15 16 15 10 4 2 2 3 0 0 -1 -1 -1 -1 -2 -3 -4 -4 -4 -4 -5 -5 -5
-48 -48 -47 -47 -44 -41 -38 -34 -30 -27 -23 -20 -16 -13 -11 -9 -7 -5 -4 -3 -2 -1 -1 21 29 35 40 44 45 44 51 66 76 84 90 98 104 112 113 89 62 62 66 66 73 71 71 71 64 67 57 54 72 90 100 105 119 127 106 113 143 156 177 181 148 123 102 82 66 55 47 41 31 21 12 8 6 4 1 -1 -1 -1 -1 -1 -1 -2 -3 -4 -4 -4 -4 -4 -5 -5 -5 -5
-48 -48 -47 -45 -43 -40 -36 -32 -28 -25 -21 -17 -14 -10 -8 -6 -4 -3 -2 -2 5 13 17 28 40 51 59 58 58 60 63 71 75 79 82 88 95 99 101 83 59 54 57 57 63 58 44 37 43 54 62 74 86 84 79 84 90 84 88 120 132 137 149 154 152 142 122 101 83 69 60 53 41 29 19 14 14 14 -1 -1 -1 -1 -1 -1 -2 -3 -4 -4 -5 -6 -6 -5 -6 -6 -6 -6
-49 -48 -47 -45 -42 -38 -34 -30 -26 -22 -18 -15 -11 -7 -4 -3 -2 -2 2 10 17 25 30 40 50 60 65 66 71 77 78 77 81 84 88 94 97 94 85 69 48 41 46 45 48 54 47 33 39 58 73 75 71 69 65 68 66 66 85 102 117 140 157 158 162 150 124 104 89 77 71 64 52 36 19 12 -1 -1 -1 -1 -1 -1 -1 -2 -3 -3 -4 -5 -6 -6 -6 -7 -6 -6 -7 -6
-49 -47 -47 -45 -41 -37 -33 -29 -24 -20 -16 -12 -8 -5 -2 -1 13 16 26 34 37 42 49 57 64 67 69 74 79 84 84 87 91 96 104 110 109 104 91 71 55 41 30 27 32 44 46 36 36 50 56 54 54 58 64 64 55 60 75 89 112 147 170 164 151 138 125 116 106 89 67 60 52 32 -1 -1 -1 -2 -2 -3 -4 -3 -3 -3 -3 -4 -4 -6 -6 -6 -7 -7 -8 -8 -7 -6
-50 -48 -47 -44 -40 -36 -31 -27 -22 -18 -14 -10 -7 -4 -3 18 27 31 38 46 53 59 62 67 71 72 76 83 86 88 92 96 101 105 108 110 107 103 94 89 82 66 41 26 22 27 29 26 28 33 33 38 49 59 54 40 43 58 69 81 101 124 144 150 139 132 124 113 103 83 53 72 96 92 73 -1 -1 -2 -3 -4 -5 -5 -5 -4 -4 -4 -5 -6 -7 -7 -7 -7 -7 -7 -6 -7
-51 -49 -48 -44 -40 -35 -30 -25 -20 -16 -12 -8 -5 -3 2 27 39 42 49 55 57 59 59 62 68 74 83 92 95 98 103 107 107 107 107 108 111 116 120 114 94 69 44 30 24 22 19 18 18 18 22 31 35 33 33 40 52 66 75 81 92 103 112 117 110 99 89 78 65 46 35 55 82 89 78 52 -1 -4 -4 -5 -6 -6 -6 -4 -4 -5 -5 -7 -7 -8 -8 -8 -8 -7 -7 -7
-52 -50 -49 -44 -39 -33 -28 -23 -18 -14 -10 -6 -4 -2 5 27 43 49 51 53 53 56 61 66 72 80 90 95 98 99 102 108 115 121 122 125 129 139 152 146 122 91 55 36 31 30 27 24 19 16 16 24 27 26 33 39 43 54 70 75 79 84 86 82 73 57 54 54 40 24 15 11 15 13 10 -1 -1 -4 -4 -6 -6 -6 -6 -5 -5 -6 -6 -7 -7 -8 -8 -7 -7 -7 -7 -7
-52 -51 -48 -43 -37 -31 -25 -20 -15 -11 -7 -4 -4 2 8 20 32 44 48 49 51 55 59 64 70 78 85 91 92 93 100 112 123 133 142 150 159 176 205 218 195 146 81 43 34 31 28 25 22 16 14 16 16 16 22 31 35 31 30 43 65 76 74 65 57 50 57 53 27 13 9 6 5 -1 -2 -3 -5 -4 -5 -6 -6 -6 -6 -7 -6 -7 -7 -6 -7 -8 -8 -7 -8 -7 -8 -8
-51 -50 -46 -41 -35 -28 -23 -17 -12 -8 -5 -4 3 8 17 23 27 33 37 43 48 54 61 68 75 79 83 84 85 89 95 104 117 135 151 168 197 238 266 259 221 164 93 46 34 32 29 26 25 24 21 18 14 12 12 19 25 24 22 24 37 59 62 57 49 44 51 40 18 11 -3 -2 -2 -2 -3 -4 -5 -5 -6 -6 -6 -7 -7 -6 -8 -8 -8 -7 -9 -8 -8 -8 -8 -8 -8 -9
-50 -49 -44 -38 -32 -25 -19 -14 -9 -5 -3 6 16 34 48 47 43 38 39 43 46 52 65 78 84 84 80 78 82 85 90 97 113 145 174 189 224 265 262 232 188 139 83 42 34 32 31 29 28 28 27 24 18 12 10 13 20 21 16 13 15 23 35 41 40 33 30 30 22 -1 -2 -3 -4 -4 -4 -5 -5 -5 -7 -8 -7 -7 -6 -8 -8 -9 -10 -7 -10 -10 -10 -10 -9 -10 -9 -9
-50 -47 -42 -35 -29 -22 -16 -10 -6 -3 7 12 30 55 66 59 50 44 42 42 44 56 76 94 95 81 72 76 79 81 87 97 111 140 179 215 236 233 207 173 137 93 52 33 31 30 29 27 27 27 26 26 24 17 9 9 12 14 11 7 7 10 29 44 35 24 20 14 -1 -1 -2 -4 -5 -5 -4 -4 -6 -8 -9 -9 -9 -7 -8 -10 -9 -9 -11 -9 -10 -11 -10 -10 -10 -9 -9 -9
-48 -45 -39 -32 -25 -18 -12 -7 -3 2 19 35 45 54 58 54 48 40 38 41 50 71 101 107 85 68 68 73 76 82 89 98 110 127 154 191 209 195 166 125 81 37 54 26 -1 -1 11 14 17 20 23 25 25 21 14 9 10 14 12 7 6 26 56 53 43 37 25 17 -1 -1 -2 -4 -5 -5 -5 -5 -6 -8 -7 -8 -9 -8 -9 -10 -10 -9 -10 -9 -10 -12 -11 -12 -10 -9 -8 -10
-47 -44 -38 -29 -21 -14 -8 -3 -1 71 84 74 59 53 54 53 44 35 39 54 72 82 79 72 66 66 72 77 83 88 93 98 105 115 129 152 177 185 159 102 47 61 32 -1 -1 -1 -1 -1 -1 -3 -1 14 19 24 23 15 9 8 8 5 7 31 49 38 28 25 15 8 7 -1 -1 -2 -4 -6 -6 -4 -7 -9 -9 -8 -10 -11 -10 -11 -11 -10 -10 -12 -12 -12 -12 -11 -10 -9 -10 -11
-46 -43 -36 -26 -17 -9 -4 -1 56 94 118 86 57 49 49 47 40 34 45 61 67 63 52 50 59 70 79 90 95 93 92 96 101 110 123 142 174 190 144 77 53 -1 -1 -1 -1 -1 -2 -2 -2 -1 -1 -8 -4 13 16 16 12 8 6 5 8 24 43 42 31 20 10 7 5 -1 -1 -1 -1 -4 -7 -7 -9 -10 -9 -9 -9 -14 -12 -12 -13 -10 -12 -12 -10 -12 -12 -10 -10 -10 -12 -13
-44 -42 -34 -23 -13 -5 -1 15 49 94 133 116 73 52 47 47 44 33 33 39 40 37 37 45 63 78 84 91 94 88 86 90 95 102 117 135 149 128 74 -1 -1 -1 -1 -1 -2 -2 -2 -2 -2 -2 -2 -2 -1 -1 -2 7 7 8 11 15 20 39 47 38 30 29 31 29 21 18 -1 -7 -1 -9 -10 -10 -10 -11 -11 -12 -13 -16 -13 -15 -15 -13 -14 -13 -10 -10 -10 -11 -12 -15 -16 -18
-43 -42 -33 -21 -9 -1 13 24 34 56 84 98 78 58 51 47 41 29 21 23 27 34 41 56 79 88 86 76 61 51 43 47 54 79 125 113 76 -1 -1 -1 -1 -2 -2 -2 -2 -2 -2 -2 -2 -2 -2 -2 -2 -2 -1 -1 -4 9 14 18 18 27 33 33 34 45 57 59 57 55 -1 -1 -1 -1 -13 -13 -12 -1 -5 -13 -15 -16 -16 -17 -18 -16 -17 -16 -13 -11 -11 -12 -15 -16 -18 -17
-42 -41 -32 -19 -5 -1 66 82 78 68 66 64 57 53 55 49 -1 -1 -1 -1 -1 -1 36 59 76 67 51 41 5 -4 -12 -9 26 60 79 24 -1 -1 -1 -2 -2 -2 -3 -3 -3 -3 -3 -3 -3 -3 -3 -2 -2 -2 -2 -1 -1 -1 -1 9 13 29 56 62 57 64 72 72 70 73 69 -1 -1 -1 -14 -15 -6 -15 -5 -16 -17 -18 -17 -18 -19 -19 -15 -13 -12 -11 -12 -15 -19 -20 -21 -16
-42 -40 -33 -19 -1 62 108 107 87 78 73 64 51 44 43 -1 -1 -1 -1 -1 -1 -1 -1 -1 -1 -1 -1 -1 -2 -2 -2 -2 -2 -1 -1 -1 -2 -2 -2 -3 -3 -3 -3 -4 -4 -4 -4 -4 -4 -3 -3 -3 -3 -2 -2 -2 -1 -1 -1 -1 54 68 77 82 83 81 74 68 64 67 65 -1 -1 -1 -6 -1 -4 -18 -18 -18 -19 -20 -19 -19 -19 -18 -15 -14 -14 -13 -15 -21 -19 -17 -18 -15
-44 -42 -39 -27 -4 38 53 63 58 62 64 60 56 55 45 -1 -1 -1 -1 -1 -1 -1 -1 -1 -1 -2 -2 -2 -3 -3 -3 -3 -3 -2 -2 -2 -3 -3 -3 -4 -4 -4 -4 -4 -5 -5 -5 -4 -4 -4 -4 -4 -3 -3 -2 -2 -1 -1 -1 -1 89 96 97 96 89 69 44 19 15 16 38 34 -1 -6 -10 -9 -16 -20 -21 -20 -21 -21 -21 -21 -20 -17 -15 -14 -14 -14 -16 -22 -19 -17 -15 -14
-46 -40 -39 -42 -21 -1 -1 -1 29 50 71 78 72 58 -1 -1 -1 -1 -1 -1 -1 -1 -1 -1 -2 -2 -3 -3 -4 -4 -4 -4 -4 -4 -4 -4 -4 -4 -4 -5 -5 -5 -5 -5 -5 -5 -5 -5 -5 -5 -5 -4 -4 -3 -3 -2 -2 -1 -1 -1 -1 99 93 85 66 24 -5 -6 -7 -10 -10 -10 -13 -18 -22 -21 -21 -21 -20 -22 -23 -23 -23 -22 -20 -17 -16 -15 -15 -15 -15 -19 -19 -17 -16 -16
-47 -43 -36 -37 -35 -20 -10 -1 -1 -1 -1 56 64 -1 -1 -1 -2 -2 -2 -2 -1 -1 -1 -2 -3 -4 -4 -5 -5 -5 -5 -5 -5 -5 -5 -5 -5 -6 -6 -6 -6 -6 -6 -6 -6 -6 -6 -6 -6 -6 -5 -5 -5 -4 -3 -3 -2 -1 -1 -1 -1 99 88 66 34 15 -9 -10 -10 -13 -15 -17 -20 -23 -24 -23 -23 -23 -22 -23 -24 -24 -24 -22 -21 -18 -17 -16 -15 -15 -15 -14 -16 -16 -17 -17
-46 -44 -41 -36 -34 -33 -22 -9 -1 -1 -1 -1 -1 -1 -1 -2 -3 -3 -3 -3 -3 -3 -3 -4 -5 -5 -6 -6 -6 -7 -7 -7 -7 -7 -7 -7 -7 -7 -7 -7 -7 -7 -7 -7 -7 -7 -7 -7 -7 -7 -6 -6 -5 -5 -4 -3 -2 -2 -1 -1 -1 66 71 49 -1 -9 -11 -13 -15 -18 -20 -23 -24 -25 -24 -23 -23 -23 -23 -23 -23 -23 -22 -20 -20 -18 -17 -16 -15 -15 -14 -14 -14 -15 -16 -17
-41 -44 -37 -38 -34 -31 -29 -22 -16 -9 -1 -1 -1 -1 -3 -4 -5 -6 -6 -6 -5 -5 -5 -6 -7 -7 -7 -8 -8 -8 -8 -8 -8 -8 -8 -8 -8 -8 -8 -8 -9 -9 -9 -9 -9 -8 -8 -8 -8 -8 -7 -7 -6 -6 -5 -4 -3 -3 -2 -1 -1 -1 -1 -1 -15 -18 -18 -18 -19 -21 -23 -25 -26 -26 -24 -21 -21 -21 -21 -20 -20 -19 -19 -19 -17 -17 -17 -15 -15 -13 -13 -14 -15 -17 -16 -17
-36 -40 -40 -35 -35 -33 -33 -31 -32 -24 -14 -9 -8 -7 -7 -8 -8 -8 -8 -8 -8 -8 -8 -8 -9 -9 -9 -10 -10 -10 -10 -10 -10 -10 -10 -10 -10 -10 -10 -10 -10 -10 -10 -10 -10 -10 -9 -9 -9 -9 -8 -8 -7 -7 -6 -6 -5 -4 -3 -3 -2 -1 -1 -19 -19 -20 -20 -21 -21 -20 -21 -24 -26 -26 -25 -23 -22 -22 -20 -19 -19 -19 -17 -16 -16 -17 -17 -15 -15 -14 -16 -18 -18 -18 -17 -19
-14 -37 -43 -39 -35 -33 -30 -33 -33 -32 -24 -19 -16 -14 -13 -12 -12 -12 -11 -11 -11 -11 -11 -11 -11 -11 -11 -11 -11 -11 -11 -11 -11 -11 -11 -11 -11 -11 -11 -11 -11 -11 -11 -11 -11 -11 -10 -10 -10 -10 -9 -9 -8 -8 -7 -7 -6 -6 -5 -5 -4 -5 -6 -12 -20 -21 -21 -23 -22 -20 -23 -27 -28 -27 -27 -26 -25 -22 -19 -18 -17 -16 -15 -15 -15 -16 -17 -17 -18 -19 -19 -20 -20 -18 -19 -17
-1 -1 -30 -46 -40 -33 -30 -31 -32 -31 -28 -25 -23 -20 -18 -17 -16 -15 -15 -14 -14 -14 -13 -13 -13 -13 -13 -13 -13 -13 -13 -13 -13 -13 -13 -13 -12 -12 -12 -12 -12 -12 -12 -12 -12 -12 -12 -11 -11 -11 -10 -10 -10 -9 -9 -8 -8 -7 -7 -7 -7 -8 -10 -15 -20 -22 -23 -22 -20 -20 -23 -26 -28 -27 -27 -26 -24 -20 -17 -18 -17 -16 -17 -16 -15 -20 -21 -20 -20 -20 -20 -20 -21 -20 -20 -21
-1 -1 -20 -29 -35 -34 -31 -29 -29 -29 -29 -28 -28 -25 -23 -21 -19 -18 -18 -17 -17 -16 -16 -16 -16 -16 -15 -15 -15 -15 -15 -15 -14 -14 -14 -14 -14 -14 -14 -14 -14 -14 -14 -13 -13 -13 -13 -13 -12 -12 -12 -11 -11 -10 -10 -10 -9 -9 -9 -9 -10 -11 -13 -16 -19 -21 -23 -23 -22 -20 -22 -27 -27 -26 -23 -21 -17 -17 -17 -18 -21 -22 -22 -22 -22 -23 -22 -22 -22 -21 -21 -22 -23 -29 -33 -21
-1 -5 -21 -22 -27 -31 -31 -32 -32 -30 -30 -29 -27 -27 -25 -23 -22 -21 -20 -20 -19 -19 -19 -18 -18 -18 -18 -17 -17 -17 -16 -16 -16 -16 -15 -15 -15 -15 -15 -15 -15 -15 -15 -15 -15 -14 -14 -14 -14 -13 -13 -12 -12 -12 -11 -11 -11 -11 -11 -11 -12 -13 -15 -17 -19 -21 -22 -23 -23 -23 -23 -25 -26 -21 -19 -19 -17 -18 -19 -22 -24 -24 -24 -24 -24 -24 -24 -23 -23 -22 -23 -27 -32 -26 -12 -12
-23 -26 -21 -25 -26 -28 -28 -31 -32 -31 -28 -27 -27 -27 -26 -25 -24 -23 -23 -22 -22 -22 -21 -21 -20 -20 -20 -19 -19 -18 -18 -18 -17 -17 -17 -17 -17 -16 -16 -16 -16 -16 -16 -16 -16 -16 -15 -15 -15 -14 -14 -14 -13 -13 -13 -12 -12 -12 -12 -13 -13 -14 -16 -17 -19 -21 -22 -22 -22 -22 -22 -22 -22 -20 -20 -27 -27 -26 -27 -27 -26 -26 -25 -25 -25 -24 -24 -25 -25 -25 -28 -32 -20 -10 -10 -10
-29 -28 -22 -21 -29 -29 -30 -30 -31 -31 -30 -29 -28 -27 -27 -27 -26 -25 -25 -25 -24 -24 -24 -23 -23 -22 -22 -21 -21 -20 -20 -19 -19 -18 -18 -18 -18 -18 -18 -18 -18 -18 -18 -18 -17 -17 -17 -16 -16 -16 -15 -15 -15 -14 -14 -14 -14 -14 -14 -14 -15 -16 -17 -18 -19 -20 -21 -21 -21 -21 -20 -18 -19 -18 -25 -29 -28 -27 -27 -27 -26 -26 -26 -26 -25 -24 -26 -26 -26 -27 -28 -18 -10 -10 -10 -10
-31 -31 -30 -28 -30 -31 -30 -30 -30 -31 -30 -29 -30 -30 -29 -29 -27 -27 -27 -27 -27 -26 -26 -25 -25 -24 -24 -23 -23 -22 -21 -21 -20 -20 -19 -19 -19 -19 -19 -19 -19 -19 -19 -19 -19 -19 -18 -18 -17 -17 -17 -16 -16 -15 -15 -15 -15 -15 -15 -15 -16 -17 -17 -18 -19 -20 -21 -21 -21 -20 -19 -18 -20 -28 -29 -29 -28 -27 -27 -26 -26 -26 -25 -24 -24 -24 -26 -26 -29 -23 -12 -10 -10 -10 -9 -11
-34 -33 -32 -31 -31 -31 -31 -32 -32 -32 -32 -31 -31 -30 -31 -30 -28 -28 -29 -29 -28 -28 -28 -27 -26 -26 -26 -25 -24 -23 -23 -22 -21 -21 -21 -20 -20 -20 -20 -20 -21 -21 -21 -21 -20 -20 -20 -19 -19 -18 -18 -17 -17 -17 -16 -16 -16 -16 -16 -16 -17 -17 -18 -19 -19 -20 -20 -21 -21 -20 -20 -21 -24 -29 -29 -28 -27 -27 -27 -26 -26 -25 -24 -25 -26 -26 -27 -28 -14 -11 -10 -9 -10 -11 -11 -12
-37 -37 -35 -34 -35 -32 -33 -34 -34 -33 -33 -32 -33 -32 -32 -29 -28 -29 -30 -29 -29 -29 -29 -28 -28 -27 -27 -27 -26 -25 -24 -23 -23 -22 -22 -21 -21 -21 -21 -22 -22 -23 -23 -22 -22 -22 -21 -20 -20 -19 -19 -18 -18 -18 -17 -17 -17 -17 -17 -17 -18 -18 -18 -19 -20 -20 -20 -21 -21 -21 -21 -22 -25 -28 -28 -28 -27 -27 -29 -28 -27 -27 -27 -29 -31 -29 -20 -11 -11 -11 -11 -11 -12 -12 -13 -13
-21 -23 -34 -39 -38 -36 -35 -36 -36 -36 -35 -35 -34 -33 -33 -31 -30 -30 -30 -30 -29 -28 -28 -29 -29 -28 -28 -28 -27 -26 -25 -24 -24 -23 -23 -22 -21 -22 -23 -23 -24 -24 -24 -24 -24 -23 -22 -22 -21 -21 -20 -20 -19 -19 -18 -18 -18 -18 -18 -18 -18 -19 -19 -19 -20 -20 -20 -21 -21 -21 -22 -23 -25 -27 -27 -28 -28 -29 -34 -36 -30 -28 -25 -21 -15 -13 -12 -12 -14 -13 -14 -15 -14 -14 -13 -15
-14 -12 -20 -34 -40 -39 -36 -36 -35 -35 -35 -35 -34 -34 -33 -31 -31 -31 -30 -29 -29 -29 -29 -28 -28 -27 -27 -27 -27 -26 -26 -24 -25 -25 -24 -23 -21 -23 -24 -25 -26 -26 -26 -26 -25 -25 -24 -23 -22 -22 -21 -21 -20 -20 -19 -19 -19 -19 -19 -19 -19 -19 -19 -20 -20 -20 -21 -21 -21 -22 -22 -23 -24 -26 -26 -27 -28 -31 -35 -25 -21 -21 -18 -16 -15 -15 -14 -14 -15 -15 -15 -16 -15 -15 -14 -17
